 28 68.00  25 63.00  23 68.00
 33 70.00  40 72.00  24 73.00
 9 56.00  20 60.00  45 58.00
 34 67.00  36 70.00  27 66.00
 2 62.00  20 55.00  9 54.00
 20 75.00  45 71.00  5 82.00
 12 68.00  44 71.00  22 80.00
 36 65.00  31 60.00  19 64.00
 5 67.00  41 65.00  10 60.00
 20 60.00  45 57.00  10 60.00
 38 52.00  18 55.00  39 60.00
 25 60.00  23 66.00  35 65.00
 14 60.00  34 64.00  27 63.00
 26 62.00  17 75.00  15 71.00
 2 60.00  9 50.00  20 50.00
 7 80.00  13 56.00  16 60.00
 15 63.00  30 53.00  18 60.00
 12 60.00  22 70.00  44 67.00
 31 72.00  32 68.00  2 66.00
 30 53.00  18 60.00  39 64.00
 43 55.00  6 55.00  11 60.00
 11 65.00  42 58.00  37 60.00
 36 63.00  31 59.00  19 61.00
 42 76.00  12 75.00  22 84.00
 40 56.00  24 55.00  26 50.00
 5 71.00  10 60.00  7 68.00
 40 68.00  24 66.00  26 57.00
 16 58.00  29 57.00  4 60.00
 9 55.00  20 60.00  45 59.00
 42 62.00  12 62.00  22 73.00
 30 60.00  18 70.00  39 76.00
 38 68.00  1 77.00  34 72.00
 18 68.00  21 60.00  39 75.00
 18 76.00  39 82.00  21 65.00
 16 62.00  29 60.00  4 62.00
 8 62.00  4 65.00  29 62.00
 19 70.00  32 67.00  2 66.00
 36 65.00  31 62.00  19 66.00
 41 63.00  7 65.00  13 62.00
 7 78.00  13 78.00  16 59.00
 31 60.00  19 65.00  32 63.00
 5 79.00  10 70.00  41 72.00
 2 59.00  9 51.00  20 53.00
 40 55.00  24 56.00  26 50.00
 17 75.00  15 72.00  30 60.00
 27 68.00  36 70.00  31 71.00
 12 70.00  22 85.00  42 72.00
 39 52.00  21 60.00  3 70.00
 38 58.00  10 55.00  7 65.00
 32 61.00  2 59.00  9 49.00
 20 58.00  45 56.00  5 69.00
 4 65.00  8 67.00  28 66.00
 33 63.00  40 65.00  24 62.00
 14 65.00  34 72.00  27 70.00
 16 70.00  29 64.00  4 67.00
 9 81.00  20 55.00  45 54.00
 45 51.00  5 60.00  10 55.00
 1 67.00  34 62.00  14 59.00
 38 59.00  29 60.00  4 66.00
 17 66.00  15 57.00  30 52.00
 35 63.00  43 62.00  6 60.00
 15 58.00  30 50.00  18 52.00
 6 55.00  11 61.00  3 64.00
 38 58.00  3 67.00  41 66.00
 8 69.00  28 72.00  25 68.00
 25 58.00  23 63.00  35 62.00
 40 58.00  26 53.00  24 59.00
 41 56.00  13 52.00  7 55.00
 28 58.00  25 53.00  23 55.00
 32 65.00  2 70.00  9 40.00
 7 63.00  13 62.00  16 64.00
 13 62.00  16 64.00  7 63.00
 38 58.00  24 62.00  26 53.00
 4 69.00  8 73.00  29 69.00
 8 68.00  28 66.00  25 60.00
 43 58.00  6 58.00  11 65.00
 42 53.00  37 54.00  12 50.00
 10 65.00  41 70.00  7 68.00
 23 70.00  35 71.00  43 67.00
 23 69.00  35 68.00  25 61.00
 22 75.00  42 72.00  12 68.00
 43 64.00  6 60.00  35 65.00
 5 62.00  10 55.00  45 56.00
 37 52.00  42 54.00  12 55.00
 2 65.00  9 54.00  20 60.00
 1 59.00  14 50.00  34 54.00
 33 74.00  40 73.00  24 74.00
 31 68.00  19 65.00  32 65.00
 14 55.00  27 60.00  31 57.00
 41 70.00  13 72.00  7 72.00
 38 50.00  33 61.00  22 55.00
 38 60.00  3 65.00  41 62.00
 19 63.00  32 59.00  2 62.00
 19 71.00  32 74.00  31 77.00
 24 62.00  26 57.00  17 68.00
 30 52.00  39 62.00  21 55.00
 34 62.00  27 58.00  36 65.00
 23 58.00  35 62.00  43 60.00
 22 55.00  44 63.00  33 63.00
 44 69.00  33 68.00  22 68.00
 21 56.00  1 65.00  14 59.00
 6 60.00  11 68.00  3 67.00
 28 63.00  25 55.00  8 57.00
 13 65.00  16 54.00  29 74.00
 12 62.00  44 65.00  22 63.00
 38 78.00  5 82.00  10 75.00
 22 73.00  33 66.00  44 69.00
 2 62.00  20 85.00  9 45.00
 21 58.00  1 66.00  14 59.00
 17 65.00  15 62.00  30 54.00
 38 75.00  3 79.00  39 78.00
 3 75.00  21 60.00  5 78.00
 29 69.00  4 68.00  8 67.00
 9 57.00  20 55.00  45 59.00
 12 60.00  22 62.00  44 67.00
 12 68.00  22 71.00  44 69.00
 37 57.00  42 60.00  12 62.00
 11 65.00  6 61.00  37 63.00
 20 55.00  45 50.00  5 63.00
 35 63.00  43 62.00  6 58.00
 5 68.00  41 63.00  10 55.00
 28 66.00  23 69.00  25 63.00
 42 74.00  12 68.00  22 76.00
 42 46.00  12 52.00  22 58.00
 41 80.00  38 80.00  3 79.00
 34 65.00  27 61.00  36 65.00
 19 65.00  32 64.00  31 59.00
 41 63.00  13 55.00  7 60.00
 21 51.00  1 55.00  14 46.00
 33 62.00  40 66.00  24 62.00
 26 65.00  15 77.00  17 78.00
 2 56.00  9 42.00  20 50.00
 43 57.00  11 58.00  6 58.00
 14 50.00  34 60.00  27 60.00
 14 58.00  34 67.00  27 66.00
 36 65.00  31 61.00  19 67.00
 22 55.00  42 43.00  12 50.00
 3 68.00  5 70.00  41 69.00
 26 50.00  17 58.00  15 55.00
 14 54.00  34 57.00  27 56.00
 17 67.00  15 61.00  30 56.00
 2 56.00  9 48.00  20 48.00
 11 70.00  3 75.00  37 67.00
 41 66.00  7 70.00  16 71.00
 30 50.00  18 58.00  21 51.00
 26 62.00  17 71.00  24 72.00
 37 56.00  12 50.00  38 53.00
 9 52.00  45 51.00  20 48.00
 21 58.00  1 68.00  14 63.00
 43 72.00  6 72.00  11 78.00
 26 55.00  17 68.00  15 66.00
 8 63.00  28 61.00  25 53.00
 9 76.00  20 65.00  45 52.00
 9 40.00  45 44.00  20 75.00
 40 63.00  24 68.00  26 57.00
 10 50.00  7 56.00  13 55.00
 21 57.00  1 69.00  14 54.00
 26 60.00  17 77.00  15 72.00
 19 71.00  32 66.00  2 66.00
 21 54.00  1 59.00  39 60.00
 38 68.00  3 76.00  41 70.00
 26 58.00  17 69.00  15 60.00
 43 56.00  6 60.00  11 60.00
 12 80.00  42 45.00  22 80.00
 42 75.00  12 45.00  22 51.00
 8 76.00  25 71.00  28 71.00
 31 78.00  19 72.00  36 70.00
 16 62.00  29 65.00  4 65.00
 19 66.00  32 69.00  2 65.00
 15 72.00  30 65.00  39 80.00
 14 52.00  34 62.00  27 62.00
 41 71.00  7 76.00  10 70.00
 5 64.00  10 55.00  45 59.00
 21 60.00  1 68.00  39 72.00
 10 60.00  41 63.00  7 68.00
 45 69.00  5 79.00  10 75.00
 43 63.00  6 58.00  35 65.00
 28 73.00  25 64.00  23 68.00
 25 61.00  23 64.00  35 62.00
 23 81.00  35 78.00  43 75.00
 7 68.00  13 67.00  16 64.00
 8 68.00  28 73.00  4 69.00
 38 55.00  19 59.00  39 58.00
 2 68.00  9 59.00  20 60.00
 32 70.00  2 64.00  9 61.00
 2 63.00  9 53.00  20 63.00
 4 65.00  8 69.00  28 70.00
 43 58.00  6 62.00  11 63.00
 45 47.00  10 50.00  20 53.00
 41 62.00  7 58.00  13 55.00
 32 60.00  2 64.00  9 50.00
 3 78.00  5 60.00  41 77.00
 11 60.00  42 81.00  12 75.00
 40 63.00  24 62.00  26 50.00
 36 65.00  31 57.00  19 60.00
 20 67.00  45 70.00  5 78.00
 34 58.00  27 53.00  36 62.00
 45 49.00  5 55.00  10 45.00
 12 62.00  44 64.00  22 61.00
 32 78.00  2 70.00  9 70.00
 45 70.00  10 65.00  20 70.00
 32 60.00  2 59.00  9 55.00
 4 63.00  16 65.00  29 65.00
 4 75.00  8 83.00  29 82.00
 5 59.00  41 58.00  10 45.00
 8 65.00  28 63.00  25 54.00
 22 60.00  44 64.00  33 67.00
 17 73.00  15 72.00  30 62.00
 26 64.00  17 72.00  15 69.00
 28 67.00  25 55.00  23 60.00
 13 68.00  16 69.00  7 74.00
 26 62.00  17 80.00  15 69.00
 38 80.00  4 75.00  3 78.00
 22 89.00  44 72.00  33 78.00
 14 43.00  34 56.00  27 56.00
 15 69.00  30 55.00  18 61.00
 9 51.00  20 45.00  45 50.00
 23 63.00  43 56.00  35 65.00
 26 59.00  17 76.00  15 72.00
 27 61.00  36 65.00  31 55.00
 40 71.00  24 65.00  33 66.00
 8 72.00  4 69.00  28 75.00
 12 68.00  44 57.00  22 78.00
 10 60.00  41 68.00  7 72.00
 38 57.00  5 62.00  3 61.00
 12 62.00  22 74.00  44 71.00
 41 65.00  10 65.00  7 70.00
 26 65.00  17 75.00  15 67.00
 13 65.00  16 66.00  29 70.00
 18 60.00  1 70.00  39 64.00
 45 55.00  10 50.00  7 64.00
 38 69.00  1 79.00  14 63.00
 29 57.00  4 65.00  8 66.00
 14 53.00  34 65.00  27 60.00
 1 64.00  14 54.00  34 55.00
 28 56.00  23 58.00  25 53.00
 25 59.00  23 68.00  35 63.00
 17 71.00  15 59.00  30 56.00
 18 65.00  21 54.00  39 66.00
 44 66.00  33 62.00  22 70.00
 42 55.00  12 58.00  22 72.00
 41 61.00  7 67.00  13 60.00
 38 55.00  19 63.00  5 69.00
 41 60.00  7 66.00  10 55.00
 36 75.00  31 73.00  27 68.00
 1 76.00  14 52.00  34 79.00
 9 80.00  20 65.00  45 52.00
 8 75.00  28 69.00  25 71.00
 26 70.00  17 78.00  15 76.00
 41 65.00  7 68.00  13 58.00
 45 63.00  5 76.00  10 60.00
 21 57.00  1 62.00  14 52.00
 13 62.00  16 67.00  29 69.00
 43 57.00  6 58.00  11 67.00
 40 66.00  24 73.00  26 60.00
 23 66.00  35 62.00  43 57.00
 21 65.00  1 78.00  39 74.00
 2 65.00  20 53.00  9 50.00
 41 69.00  7 65.00  13 68.00
 28 62.00  23 55.00  25 58.00
 10 50.00  41 63.00  7 58.00
 3 71.00  5 70.00  41 63.00
 44 65.00  38 51.00  22 52.00
 4 58.00  8 53.00  28 62.00
 7 73.00  16 49.00  13 78.00
 23 64.00  43 67.00  35 64.00
 43 58.00  6 55.00  35 64.00
 37 60.00  42 51.00  12 55.00
 32 60.00  2 64.00  9 48.00
 34 66.00  36 70.00  27 61.00
 7 65.00  16 60.00  13 54.00
 18 55.00  21 54.00  39 68.00
 30 52.00  18 65.00  39 70.00
 1 70.00  14 53.00  34 63.00
 13 55.00  16 49.00  7 60.00
 1 63.00  14 60.00  34 62.00
 13 50.00  16 49.00  29 55.00
 32 76.00  2 69.00  19 77.00
 26 63.00  30 58.00  15 64.00
 21 54.00  1 57.00  14 51.00
 21 56.00  1 60.00  39 62.00
 10 60.00  41 72.00  7 68.00
 18 47.00  21 52.00  39 76.00
 13 70.00  16 49.00  29 59.00
 3 66.00  37 64.00  42 57.00
 28 64.00  23 62.00  25 50.00
 44 65.00  40 71.00  33 65.00
 26 56.00  17 69.00  15 56.00
 32 53.00  2 55.00  9 49.00
 19 62.00  32 66.00  31 62.00
 45 56.00  5 64.00  10 50.00
 3 63.00  37 60.00  42 81.00
 27 67.00  36 75.00  31 82.00
 11 65.00  3 62.00  37 55.00
 25 60.00  23 59.00  35 60.00
 33 71.00  40 80.00  24 79.00
 30 53.00  18 52.00  39 58.00
 12 66.00  44 67.00  22 81.00
 30 64.00  18 72.00  39 72.00
 3 68.00  21 56.00  38 67.00
 34 68.00  27 72.00  36 70.00
 26 58.00  17 72.00  24 61.00
 25 52.00  23 61.00  35 65.00
 13 65.00  16 69.00  29 73.00
 2 55.00  9 50.00  20 48.00
 16 65.00  29 70.00  13 62.00
 23 65.00  35 66.00  43 56.00
 29 64.00  4 69.00  8 62.00
 32 70.00  2 65.00  9 54.00
 1 70.00  14 58.00  34 59.00
 38 60.00  3 67.00  4 70.00
 21 55.00  1 73.00  14 62.00
 21 55.00  1 73.00  39 72.00
 40 62.00  26 60.00  24 62.00
 38 55.00  37 49.00  44 59.00
 34 60.00  27 58.00  36 68.00
 37 52.00  12 60.00  42 58.00
 37 52.00  42 52.00  12 60.00
 24 65.00  26 50.00  17 62.00
 25 58.00  23 54.00  35 60.00
 38 50.00  3 60.00  39 65.00
 41 58.00  7 65.00  13 55.00
 6 60.00  11 60.00  37 61.00
 33 73.00  40 70.00  24 68.00
 1 67.00  34 65.00  14 65.00
 29 59.00  4 52.00  8 73.00
 8 75.00  28 68.00  25 70.00
 19 66.00  32 63.00  2 58.00
 34 68.00  27 63.00  36 65.00
 31 85.00  32 59.00  19 70.00
 15 68.00  30 54.00  18 58.00
 32 63.00  2 57.00  19 65.00
 44 72.00  33 67.00  22 70.00
 33 67.00  40 68.00  44 72.00
 28 57.00  23 61.00  25 50.00
 36 65.00  31 63.00  19 70.00
 11 62.00  37 48.00  42 47.00
 24 70.00  26 59.00  17 66.00
 1 60.00  14 58.00  34 57.00
 35 55.00  43 55.00  6 50.00
 17 67.00  15 60.00  30 58.00
 28 63.00  25 55.00  23 68.00
 12 50.00  22 40.00  44 58.00
 28 70.00  25 64.00  23 77.00
 9 59.00  45 66.00  20 73.00
 32 83.00  2 67.00  9 43.00
 5 72.00  10 45.00  41 73.00
 10 45.00  41 74.00  13 62.00
 28 68.00  25 54.00  23 65.00
 14 44.00  34 70.00  27 61.00
 26 50.00  17 59.00  24 62.00
 21 57.00  1 76.00  14 67.00
 45 60.00  5 61.00  10 60.00
 43 61.00  6 57.00  11 68.00
 3 72.00  37 57.00  42 58.00
 2 65.00  9 48.00  20 60.00
 28 65.00  25 63.00  23 72.00
 6 66.00  11 65.00  3 67.00
 16 66.00  29 56.00  4 60.00
 31 62.00  19 67.00  32 58.00
 24 75.00  26 64.00  17 70.00
 36 70.00  19 71.00  31 63.00
 5 54.00  10 55.00  7 56.00
 18 70.00  21 56.00  39 75.00
 17 81.00  15 75.00  30 58.00
 43 66.00  6 58.00  11 67.00
 43 58.00  6 52.00  11 58.00
 6 55.00  11 60.00  3 57.00
 39 78.00  21 58.00  1 74.00
 14 66.00  34 66.00  27 62.00
 18 72.00  21 60.00  39 81.00
 40 63.00  24 66.00  26 50.00
 41 77.00  7 78.00  10 65.00
 11 70.00  37 60.00  42 55.00
 31 55.00  32 65.00  19 64.00
 25 50.00  23 45.00  35 57.00
 29 50.00  4 78.00  8 78.00
 37 61.00  12 52.00  42 63.00
 40 64.00  26 54.00  24 55.00
 30 54.00  18 60.00  39 58.00
 10 65.00  41 63.00  7 67.00
 45 52.00  5 59.00  10 60.00
 22 76.00  44 74.00  33 69.00
 37 59.00  12 62.00  42 72.00
 36 65.00  32 69.00  31 73.00
 35 60.00  43 60.00  6 62.00
 14 53.00  34 64.00  27 56.00
 19 69.00  32 60.00  31 66.00
 41 66.00  7 64.00  13 54.00
 37 68.00  42 71.00  12 60.00
 27 66.00  36 75.00  31 70.00
 21 55.00  1 74.00  39 74.00
 37 64.00  42 54.00  12 55.00
 21 53.00  1 70.00  14 51.00
 17 77.00  30 56.00  15 63.00
 16 60.00  29 64.00  4 60.00
 31 56.00  19 61.00  32 66.00
 38 51.00  23 61.00  35 65.00
 44 66.00  40 58.00  33 66.00
 37 81.00  42 80.00  11 65.00
 25 63.00  23 70.00  35 73.00
 19 66.00  32 68.00  2 60.00
 7 65.00  13 55.00  16 67.00
 38 60.00  39 66.00  21 61.00
 4 72.00  37 65.00  3 68.00
 45 57.00  5 77.00  10 60.00
 15 64.00  30 74.00  18 62.00
 19 62.00  32 60.00  2 66.00
 28 64.00  25 55.00  23 52.00
 30 57.00  18 55.00  39 62.00
 11 72.00  3 80.00  37 72.00
 44 65.00  40 72.00  33 71.00
 37 54.00  42 65.00  3 68.00
 42 67.00  12 55.00  22 60.00
 17 75.00  15 74.00  30 56.00
 13 60.00  16 64.00  29 52.00
 19 59.00  32 63.00  2 56.00
 16 70.00  29 66.00  4 62.00
 17 66.00  30 45.00  15 59.00
 25 58.00  35 70.00  43 61.00
 32 58.00  2 65.00  9 54.00
 19 64.00  32 66.00  2 68.00
 25 50.00  23 60.00  35 56.00
 38 63.00  9 71.00  45 60.00
 1 78.00  14 59.00  34 66.00
 6 65.00  11 64.00  42 71.00
 23 59.00  35 65.00  43 53.00
 41 72.00  13 63.00  7 65.00
 35 65.00  43 57.00  6 64.00
 3 69.00  21 57.00  38 52.00
 31 54.00  32 65.00  19 65.00
 24 68.00  26 56.00  17 77.00
 43 84.00  6 81.00  11 82.00
 25 75.00  35 68.00  8 75.00
 32 62.00  2 55.00  20 55.00
 13 56.00  16 84.00  7 53.00
 11 63.00  37 66.00  3 66.00
 23 54.00  35 65.00  43 53.00
 38 65.00  30 53.00  18 57.00
 36 70.00  19 66.00  38 70.00
 16 83.00  4 73.00  28 58.00
 34 63.00  36 60.00  27 58.00
 32 70.00  2 74.00  19 70.00
 22 58.00  42 52.00  12 65.00
 31 67.00  19 60.00  32 58.00
 43 58.00  6 65.00  11 67.00
 18 52.00  21 52.00  39 68.00
 7 58.00  13 60.00  16 65.00
 9 56.00  20 55.00  45 47.00
 37 55.00  12 60.00  42 46.00
 19 71.00  32 74.00  2 75.00
 14 59.00  34 67.00  27 58.00
 42 59.00  12 70.00  22 82.00
 36 80.00  31 67.00  19 63.00
 4 62.00  8 70.00  29 67.00
 37 61.00  42 55.00  12 50.00
 7 60.00  16 49.00  13 58.00
 18 70.00  1 65.00  14 56.00
 20 50.00  5 57.00  45 58.00
 44 69.00  33 69.00  40 61.00
 5 65.00  10 65.00  41 62.00
 1 62.00  14 62.00  34 64.00
 33 64.00  40 69.00  24 59.00
 38 58.00  3 64.00  41 69.00
 3 70.00  4 60.00  37 53.00
 27 70.00  31 65.00  36 70.00
 9 56.00  20 45.00  45 50.00
 14 59.00  34 68.00  27 71.00
 38 67.00  21 57.00  39 78.00
 44 71.00  33 64.00  22 68.00
 10 60.00  7 61.00  13 53.00
 16 65.00  13 52.00  7 60.00
 29 71.00  4 68.00  8 50.00
 11 70.00  37 70.00  42 82.00
 27 61.00  31 50.00  36 65.00
 27 61.00  36 62.00  31 50.00
 41 57.00  7 66.00  13 62.00
 15 72.00  18 60.00  30 57.00
 20 43.00  5 66.00  45 52.00
 4 67.00  28 76.00  8 71.00
 5 80.00  10 60.00  41 73.00
 38 61.00  3 62.00  41 67.00
 29 54.00  4 62.00  8 67.00
 3 66.00  5 59.00  38 63.00
 19 67.00  32 57.00  2 65.00
 18 62.00  14 55.00  34 70.00
 1 53.00  14 53.00  34 51.00
 40 70.00  24 61.00  26 52.00
 25 52.00  23 60.00  35 67.00
 33 72.00  40 66.00  24 64.00
 2 67.00  9 49.00  20 53.00
 37 58.00  42 53.00  3 59.00
 35 58.00  43 62.00  6 60.00
 20 65.00  45 60.00  5 61.00
 35 67.00  43 56.00  6 64.00
 19 61.00  32 65.00  2 66.00
 43 62.00  6 66.00  11 75.00
 5 66.00  41 59.00  29 50.00
 38 67.00  25 70.00  23 63.00
 31 88.00  19 68.00  32 61.00
 32 85.00  2 72.00  9 81.00
 6 68.00  11 75.00  3 68.00
 13 58.00  16 69.00  29 69.00
 18 58.00  30 53.00  39 74.00
 43 64.00  6 55.00  11 62.00
 17 72.00  15 56.00  26 53.00
 21 57.00  1 52.00  14 69.00
 22 57.00  33 68.00  44 69.00
 17 78.00  15 78.00  30 78.00
 21 55.00  1 55.00  39 64.00
 34 66.00  36 75.00  27 64.00
 13 63.00  16 59.00  29 52.00
 18 55.00  30 57.00  39 60.00
 21 70.00  1 78.00  14 72.00
 16 66.00  29 54.00  13 65.00
 29 50.00  4 72.00  8 62.00
 28 58.00  4 66.00  8 64.00
 16 61.00  29 63.00  4 58.00
 4 72.00  8 63.00  28 67.00
 38 61.00  29 58.00  4 58.00
 3 76.00  18 73.00  39 68.00
 19 72.00  32 67.00  2 73.00
 38 60.00  3 73.00  21 54.00
 40 68.00  24 65.00  26 50.00
 34 65.00  27 58.00  36 70.00
 13 68.00  16 59.00  29 65.00
 9 57.00  45 50.00  20 45.00
 18 60.00  30 59.00  39 76.00
 15 73.00  30 54.00  1 71.00
 33 66.00  40 72.00  24 78.00
 38 70.00  6 60.00  37 62.00
 43 64.00  6 55.00  11 58.00
 32 87.00  2 80.00  9 74.00
 35 58.00  43 75.00  6 68.00
 44 67.00  33 58.00  22 57.00
 26 53.00  17 75.00  15 59.00
 3 66.00  41 62.00  21 61.00
 3 63.00  6 64.00  38 54.00
 3 74.00  4 65.00  25 57.00
 11 68.00  6 55.00  37 54.00
 17 77.00  15 61.00  30 54.00
 45 60.00  5 69.00  10 50.00
 19 73.00  32 63.00  2 70.00
 37 66.00  42 56.00  12 70.00
 11 60.00  12 66.00  42 62.00
 23 75.00  43 82.00  35 78.00
 36 63.00  31 72.00  19 68.00
 31 63.00  19 73.00  32 65.00
 6 68.00  11 74.00  3 67.00
 38 63.00  3 67.00  6 68.00
 31 89.00  19 87.00  38 78.00
 36 70.00  31 74.00  19 78.00
 9 57.00  20 75.00  38 62.00
 16 76.00  29 61.00  4 68.00
 21 56.00  1 56.00  14 53.00
 38 66.00  29 60.00  4 72.00
 21 56.00  1 78.00  39 76.00
 21 52.00  1 59.00  39 70.00
 43 62.00  11 58.00  6 53.00
 43 78.00  6 65.00  11 55.00
 5 52.00  10 55.00  41 63.00
 32 57.00  2 60.00  9 60.00
 21 60.00  1 62.00  14 57.00
 7 80.00  13 68.00  16 80.00
 1 74.00  14 76.00  34 74.00
 38 56.00  8 53.00  23 64.00
 7 75.00  16 66.00  13 75.00
 38 64.00  45 58.00  20 75.00
 5 73.00  10 60.00  41 60.00
 38 63.00  44 64.00  33 59.00
 28 58.00  25 58.00  23 50.00
 18 58.00  21 52.00  39 72.00
 3 64.00  37 51.00  42 64.00
 30 52.00  18 70.00  39 70.00
 15 60.00  30 52.00  18 70.00
 8 70.00  28 80.00  25 91.00
 29 62.00  4 70.00  8 76.00
 28 70.00  25 53.00  23 63.00
 30 57.00  18 58.00  39 75.00
 32 68.00  2 65.00  9 46.00
 40 61.00  44 70.00  33 65.00
 5 72.00  41 59.00  10 55.00
 6 64.00  11 62.00  37 67.00
 38 52.00  13 64.00  16 69.00
 33 59.00  40 67.00  24 55.00
 20 60.00  45 60.00  5 57.00
 5 57.00  10 50.00  45 60.00
 12 62.00  22 75.00  42 50.00
 42 43.00  37 58.00  12 60.00
 6 58.00  11 63.00  3 57.00
 21 52.00  1 77.00  14 79.00
 30 47.00  18 63.00  39 66.00
 34 68.00  27 72.00  36 60.00
 44 64.00  33 71.00  22 80.00
 42 50.00  12 50.00  22 73.00
 33 74.00  40 65.00  24 75.00
 20 55.00  45 51.00  5 74.00
 23 75.00  35 68.00  43 60.00
 4 65.00  28 63.00  8 73.00
 20 80.00  45 82.00  10 70.00
 25 55.00  23 61.00  35 70.00
 15 51.00  30 54.00  18 58.00
 18 62.00  21 53.00  39 74.00
 38 51.00  1 66.00  14 61.00
 2 66.00  9 67.00  20 80.00
 6 60.00  11 75.00  37 70.00
 30 55.00  18 75.00  39 68.00
 36 60.00  31 82.00  27 65.00
 32 67.00  2 57.00  9 57.00
 31 66.00  19 61.00  32 54.00
 11 72.00  3 78.00  37 61.00
 11 75.00  6 66.00  42 58.00
 17 79.00  15 62.00  30 54.00
 3 62.00  42 62.00  37 49.00
 20 55.00  45 46.00  9 58.00
 25 50.00  35 67.00  28 63.00
 12 68.00  33 71.00  40 61.00
 16 74.00  13 58.00  7 63.00
 2 55.00  9 56.00  20 48.00
 21 50.00  1 54.00  14 56.00
 29 67.00  4 52.00  8 58.00
 35 57.00  43 76.00  6 69.00
 9 59.00  20 60.00  38 50.00
 17 60.00  15 65.00  38 60.00
 17 60.00  15 65.00  30 51.00
 30 51.00  18 60.00  39 74.00
 6 65.00  11 60.00  3 63.00
 1 69.00  14 65.00  34 59.00
 45 60.00  5 62.00  20 45.00
 1 77.00  14 59.00  34 61.00
 24 57.00  26 56.00  17 73.00
 23 66.00  35 70.00  43 57.00
 45 61.00  5 83.00  10 75.00
 18 58.00  21 50.00  39 70.00
 41 63.00  7 74.00  10 60.00
 35 64.00  43 54.00  6 64.00
 1 70.00  14 73.00  34 71.00
 4 62.00  28 65.00  8 51.00
 30 57.00  18 60.00  1 78.00
 12 80.00  22 60.00  44 69.00
 22 60.00  44 68.00  33 58.00
 45 49.00  5 82.00  10 70.00
 8 52.00  28 65.00  25 60.00
 41 51.00  7 74.00  13 60.00
 40 64.00  24 77.00  26 60.00
 21 62.00  1 72.00  39 64.00
 12 72.00  22 82.00  42 56.00
 30 56.00  18 58.00  39 76.00
 16 74.00  29 84.00  4 76.00
 43 55.00  11 85.00  6 58.00
 40 67.00  24 54.00  26 57.00
 28 76.00  25 51.00  23 69.00
 4 63.00  8 52.00  28 66.00
 28 66.00  25 52.00  8 52.00
 18 72.00  21 54.00  39 65.00
 23 52.00  35 66.00  43 56.00
 4 65.00  8 75.00  28 76.00
 24 64.00  26 66.00  17 70.00
 1 73.00  14 50.00  34 64.00
 44 68.00  33 65.00  40 78.00
 44 66.00  33 65.00  40 78.00
 11 70.00  37 44.00  3 67.00
 33 66.00  40 58.00  24 71.00
 12 80.00  42 65.00  22 88.00
 19 67.00  32 69.00  31 55.00
 45 58.00  5 65.00  10 70.00
 29 71.00  4 68.00  8 60.00
 37 64.00  42 49.00  12 40.00
 25 64.00  23 66.00  35 75.00
 15 61.00  18 58.00  30 62.00
 15 54.00  30 56.00  18 65.00
 4 66.00  8 68.00  28 58.00
 31 53.00  32 64.00  2 66.00
 8 68.00  28 58.00  25 53.00
 20 80.00  45 76.00  5 72.00
 29 65.00  4 77.00  8 72.00
 30 55.00  18 85.00  15 60.00
 8 73.00  4 66.00  28 62.00
 37 61.00  11 75.00  3 66.00
 21 58.00  1 57.00  14 58.00
 8 55.00  28 62.00  29 66.00
 38 67.00  3 63.00  29 65.00
 38 50.00  3 69.00  41 68.00
 27 59.00  36 60.00  31 69.00
 16 66.00  29 76.00  13 77.00
 6 70.00  11 65.00  3 72.00
 23 72.00  35 64.00  43 56.00
 21 59.00  1 79.00  39 66.00
 21 52.00  1 74.00  39 72.00
 20 50.00  45 65.00  10 60.00
 18 75.00  39 78.00  21 72.00
 32 53.00  2 60.00  9 57.00
 29 53.00  4 68.00  28 58.00
 31 70.00  32 60.00  19 59.00
 45 43.00  20 80.00  9 56.00
 2 63.00  9 54.00  20 75.00
 5 50.00  10 50.00  45 55.00
 16 59.00  29 71.00  4 68.00
 23 79.00  35 80.00  43 70.00
 1 64.00  14 40.00  34 52.00
 25 67.00  23 76.00  35 58.00
 11 67.00  42 43.00  37 49.00
 21 54.00  1 76.00  39 56.00
 45 67.00  5 53.00  10 50.00
 36 75.00  31 64.00  19 67.00
 6 60.00  11 67.00  3 59.00
 27 65.00  36 60.00  31 54.00
 23 73.00  25 54.00  35 68.00
 8 56.00  28 70.00  25 51.00
 21 70.00  1 75.00  14 70.00
 14 64.00  34 57.00  27 63.00
 12 55.00  22 74.00  44 72.00
 8 62.00  28 63.00  25 71.00
 2 62.00  9 59.00  20 43.00
 38 59.00  3 60.00  41 75.00
 36 75.00  19 68.00  31 86.00
 2 62.00  9 71.00  20 58.00
 27 66.00  36 70.00  31 54.00
 27 60.00  36 70.00  31 54.00
 37 60.00  42 74.00  12 55.00
 8 60.00  28 80.00  25 63.00
 42 58.00  12 45.00  22 83.00
 18 70.00  30 61.00  39 62.00
 30 62.00  18 65.00  1 63.00
 40 62.00  24 55.00  33 68.00
 38 53.00  6 66.00  37 61.00
 18 48.00  21 52.00  39 48.00
 3 77.00  37 46.00  42 79.00
 38 63.00  44 67.00  40 81.00
 29 50.00  28 63.00  8 67.00
 19 55.00  32 59.00  31 64.00
 10 55.00  41 72.00  7 61.00
 35 74.00  43 61.00  11 65.00
 36 75.00  31 53.00  19 66.00
 38 64.00  21 55.00  39 58.00
 23 74.00  35 65.00  43 57.00
 14 45.00  34 65.00  27 58.00
 11 55.00  3 70.00  37 76.00
 38 45.00  24 66.00  18 50.00
 40 78.00  44 68.00  33 64.00
 38 64.00  37 70.00  18 50.00
 23 51.00  35 62.00  25 62.00
 8 53.00  28 68.00  25 60.00
 16 65.00  4 70.00  29 54.00
 34 64.00  27 48.00  36 70.00
 9 49.00  20 45.00  45 62.00
 40 55.00  26 57.00  17 57.00
 22 71.00  44 69.00  33 58.00
 7 76.00  13 60.00  16 67.00
 27 67.00  36 65.00  31 80.00
 7 70.00  13 82.00  16 74.00
 11 80.00  37 69.00  42 63.00
 5 55.00  10 70.00  7 63.00
 16 48.00  29 52.00  4 65.00
 16 77.00  4 55.00  29 56.00
 25 69.00  23 75.00  35 62.00
 20 55.00  5 69.00  45 70.00
 36 75.00  31 63.00  27 72.00
 19 72.00  32 61.00  2 71.00
 42 73.00  12 60.00  22 58.00
 27 61.00  36 75.00  31 70.00
 15 56.00  30 65.00  18 52.00
 20 85.00  45 54.00  5 83.00
 17 72.00  15 59.00  30 46.00
 20 70.00  5 80.00  45 82.00
 2 59.00  9 45.00  20 67.00
 13 60.00  16 48.00  29 62.00
 16 70.00  29 57.00  4 58.00
 15 78.00  30 67.00  21 75.00
 33 74.00  40 73.00  44 64.00
 20 53.00  45 64.00  5 58.00
 8 50.00  28 59.00  25 60.00
 36 70.00  31 53.00  19 59.00
 27 55.00  36 70.00  31 63.00
 34 62.00  27 55.00  36 70.00
 42 68.00  22 79.00  44 62.00
 13 78.00  16 58.00  7 63.00
 7 64.00  13 50.00  16 68.00
 34 76.00  19 66.00  38 64.00
 41 70.00  7 60.00  13 70.00
 6 62.00  11 80.00  3 73.00
 12 70.00  44 58.00  22 80.00
 26 62.00  17 62.00  24 61.00
 38 60.00  14 48.00  34 68.00
 1 63.00  14 54.00  34 72.00
 9 46.00  20 55.00  45 65.00
 26 55.00  17 73.00  15 53.00
 2 72.00  20 55.00  9 57.00
 19 68.00  32 64.00  2 55.00
 43 58.00  6 63.00  11 55.00
 35 62.00  43 70.00  11 80.00
 37 53.00  12 70.00  42 64.00
 32 63.00  2 68.00  9 45.00
 3 64.00  41 73.00  38 48.00
 27 66.00  36 70.00  31 90.00
 6 52.00  11 65.00  37 62.00
 2 67.00  9 56.00  20 45.00
 8 78.00  28 58.00  25 57.00
 17 82.00  15 71.00  30 54.00
 24 76.00  26 55.00  17 65.00
 40 77.00  24 81.00  33 65.00
 18 76.00  39 76.00  21 55.00
 12 65.00  22 49.00  44 64.00
 37 62.00  42 49.00  12 45.00
 5 73.00  41 57.00  10 55.00
 37 66.00  42 53.00  12 50.00
 34 62.00  36 72.00  27 57.00
 38 68.00  18 48.00  39 66.00
 34 55.00  27 59.00  36 70.00
 26 59.00  17 85.00  15 55.00
 12 45.00  44 68.00  22 60.00
 21 60.00  1 81.00  14 56.00
 23 68.00  35 57.00  43 61.00
 16 68.00  4 58.00  8 70.00
 23 76.00  35 62.00  43 78.00
 22 52.00  44 70.00  12 60.00
 21 54.00  1 79.00  14 62.00
 21 54.00  1 79.00  39 72.00
 29 56.00  28 71.00  8 74.00
 16 84.00  29 64.00  4 70.00
 18 73.00  21 53.00  39 66.00
 40 70.00  24 64.00  26 68.00
 43 57.00  6 61.00  35 72.00
 40 58.00  24 73.00  26 50.00
 32 54.00  2 61.00  9 61.00
 19 62.00  32 80.00  2 75.00
 10 55.00  41 53.00  7 50.00
 23 71.00  43 78.00  35 66.00
 26 72.00  15 74.00  24 69.00
 18 70.00  21 56.00  39 60.00
 21 50.00  1 73.00  14 58.00
 34 68.00  27 61.00  36 60.00
 7 58.00  13 65.00  10 65.00
 16 69.00  4 60.00  29 50.00
 3 75.00  34 57.00  41 55.00
 40 78.00  24 82.00  26 57.00
 16 69.00  29 74.00  13 82.00
 35 69.00  43 55.00  6 54.00
 6 65.00  11 80.00  3 62.00
 11 70.00  37 59.00  3 79.00
 14 67.00  34 62.00  27 73.00
 12 65.00  22 48.00  44 66.00
 40 62.00  24 78.00  33 69.00
 18 82.00  39 75.00  30 52.00
 37 55.00  42 40.00  12 82.00
 41 65.00  7 68.00  13 78.00
 9 52.00  20 65.00  45 71.00
 41 58.00  39 52.00  3 72.00
 5 76.00  29 56.00  3 62.00
 23 52.00  35 68.00  43 63.00
 8 68.00  28 72.00  38 80.00
 12 62.00  22 51.00  44 58.00
 28 81.00  25 63.00  23 83.00
 10 60.00  41 73.00  7 80.00
 10 60.00  7 80.00  13 68.00
 40 73.00  24 59.00  26 50.00
 44 64.00  33 71.00  22 52.00
 28 64.00  23 61.00  25 79.00
 11 60.00  6 55.00  37 67.00
 31 75.00  32 57.00  19 66.00
 27 54.00  36 70.00  31 62.00
 26 74.00  17 74.00  24 78.00
 26 63.00  17 65.00  15 74.00
 45 50.00  10 80.00  5 75.00
 32 64.00  2 52.00  9 47.00
 14 56.00  34 79.00  27 84.00
 15 61.00  30 55.00  18 76.00
 40 65.00  44 75.00  33 66.00
 10 65.00  41 57.00  7 66.00
 7 68.00  13 55.00  16 75.00
 34 75.00  27 66.00  36 65.00
 36 65.00  31 79.00  19 76.00
 38 66.00  24 83.00  18 52.00
 12 60.00  44 64.00  22 87.00
 36 60.00  31 59.00  19 74.00
 12 52.00  22 45.00  44 68.00
 9 59.00  45 68.00  20 50.00
 1 68.00  14 57.00  34 50.00
 7 70.00  16 52.00  13 56.00
 26 66.00  17 65.00  15 59.00
 21 65.00  1 71.00  34 61.00
 27 70.00  36 65.00  31 57.00
 17 74.00  15 77.00  30 53.00
 26 50.00  17 81.00  15 62.00
 17 75.00  15 79.00  30 49.00
 12 66.00  42 80.00  22 63.00
 9 86.00  20 70.00  38 49.00
 45 56.00  5 56.00  10 65.00
 22 51.00  33 66.00  44 57.00
 41 66.00  13 80.00  7 68.00
 37 57.00  42 80.00  3 71.00
 43 63.00  6 50.00  11 65.00
 25 50.00  23 72.00  35 60.00
 3 75.00  25 65.00  38 53.00
 11 65.00  37 68.00  42 49.00
 23 50.00  43 65.00  35 65.00
 14 69.00  27 58.00  36 65.00
 26 58.00  17 56.00  15 50.00
 15 57.00  30 62.00  18 57.00
 26 53.00  17 75.00  15 75.00
 43 55.00  6 58.00  11 74.00
 35 70.00  43 58.00  6 70.00
 34 69.00  36 60.00  27 63.00
 28 58.00  23 68.00  35 56.00
 23 54.00  35 77.00  43 62.00
 8 73.00  28 69.00  25 51.00
 17 68.00  15 78.00  30 54.00
 27 65.00  36 58.00  31 58.00
 17 59.00  15 67.00  30 45.00
 8 70.00  23 52.00  25 60.00
 4 78.00  8 65.00  28 72.00
 9 79.00  20 60.00  45 63.00
 22 42.00  44 64.00  33 67.00
 28 74.00  25 84.00  8 70.00
 40 74.00  26 50.00  24 61.00
 38 50.00  41 71.00  39 60.00
 5 58.00  41 59.00  38 69.00
 19 54.00  32 58.00  2 64.00
 12 70.00  22 88.00  44 59.00
 15 66.00  30 52.00  18 76.00
 4 62.00  8 60.00  28 76.00
 35 68.00  43 69.00  6 54.00
 40 61.00  24 78.00  33 61.00
 13 64.00  16 72.00  29 51.00
 36 60.00  31 80.00  19 56.00
 6 64.00  11 60.00  3 76.00
 5 77.00  10 50.00  41 70.00
 30 56.00  18 53.00  39 76.00
 40 81.00  24 72.00  33 64.00
 4 58.00  8 72.00  28 65.00
 42 74.00  37 60.00  12 40.00
 1 71.00  14 79.00  34 74.00
 28 85.00  25 72.00  23 71.00
 21 54.00  1 81.00  39 70.00
 40 70.00  26 50.00  17 58.00
 45 50.00  5 79.00  10 60.00
 39 72.00  21 57.00  1 55.00
 8 50.00  28 65.00  25 63.00
 28 66.00  25 57.00  23 80.00
 4 58.00  8 65.00  29 70.00
 11 64.00  37 54.00  42 77.00
 24 79.00  17 68.00  15 59.00
 33 59.00  40 75.00  24 71.00
 28 65.00  25 82.00  8 60.00
 17 71.00  30 43.00  18 60.00
 45 45.00  5 74.00  10 50.00
 29 73.00  4 60.00  8 58.00
 44 74.00  33 62.00  22 77.00
 42 45.00  12 56.00  22 79.00
 35 70.00  43 53.00  6 67.00
 26 70.00  17 72.00  24 87.00
 26 70.00  17 68.00  15 79.00
 44 70.00  40 55.00  33 66.00
 42 58.00  12 80.00  44 70.00
 14 73.00  34 67.00  27 60.00
 19 59.00  32 72.00  31 56.00
 42 70.00  12 50.00  22 83.00
 27 61.00  31 71.00  36 58.00
 9 53.00  20 70.00  45 47.00
 22 90.00  44 65.00  33 78.00
 36 58.00  31 59.00  27 66.00
 5 75.00  41 56.00  10 60.00
 33 59.00  40 62.00  44 72.00
 3 70.00  21 65.00  5 62.00
 24 65.00  26 62.00  17 59.00
 29 52.00  4 68.00  8 73.00
 24 58.00  26 57.00  17 79.00
 45 60.00  5 73.00  10 80.00
 29 76.00  4 67.00  16 59.00
 20 60.00  5 80.00  45 50.00
 32 57.00  2 63.00  9 69.00
 40 68.00  26 50.00  24 76.00
 30 47.00  18 70.00  15 58.00
 16 60.00  29 77.00  4 68.00
 36 75.00  31 58.00  19 67.00
 36 65.00  31 78.00  19 60.00
 34 64.00  19 80.00  39 78.00
 17 79.00  15 56.00  30 61.00
 40 65.00  44 64.00  33 77.00
 38 54.00  3 63.00  37 71.00
 23 82.00  43 60.00  35 68.00
 40 61.00  24 76.00  26 68.00
 41 61.00  13 76.00  7 68.00
 32 82.00  2 64.00  19 68.00
 17 82.00  15 61.00  26 70.00
 34 52.00  27 57.00  36 70.00
 33 68.00  40 51.00  24 67.00
 29 80.00  4 73.00  8 63.00
 38 68.00  24 55.00  26 50.00
 1 56.00  27 65.00  14 65.00
 16 78.00  4 60.00  29 66.00
 41 75.00  13 62.00  7 60.00
 13 51.00  16 74.00  29 55.00
 15 52.00  30 60.00  18 65.00
 6 58.00  11 60.00  37 72.00
 43 83.00  6 70.00  35 67.00
 2 70.00  9 51.00  20 45.00
 37 52.00  12 70.00  42 44.00
 5 64.00  10 70.00  45 75.00
 23 56.00  43 57.00  35 73.00
 24 69.00  26 50.00  17 55.00
 16 80.00  29 64.00  13 56.00
 34 72.00  27 55.00  36 68.00
 18 60.00  30 62.00  39 58.00
 41 78.00  13 58.00  7 70.00
 28 65.00  23 75.00  8 55.00
 7 65.00  13 68.00  16 49.00
 27 64.00  36 60.00  31 77.00
 32 60.00  2 61.00  9 75.00
 1 73.00  14 43.00  27 58.00
 6 65.00  11 65.00  37 46.00
 41 62.00  37 75.00  3 76.00
 44 73.00  40 70.00  33 59.00
 26 60.00  17 77.00  24 54.00
 28 53.00  25 73.00  8 60.00
 5 64.00  10 60.00  41 79.00
 31 57.00  19 76.00  32 67.00
 24 60.00  17 70.00  18 77.00
 45 53.00  5 80.00  10 50.00
 13 50.00  16 74.00  29 58.00
 16 60.00  4 77.00  8 63.00
 35 59.00  43 66.00  6 69.00
 30 54.00  18 73.00  21 50.00
 26 50.00  17 80.00  15 63.00
 43 57.00  11 54.00  6 66.00
 7 63.00  13 58.00  16 83.00
 37 50.00  42 75.00  3 62.00
 11 58.00  37 64.00  42 77.00
 14 65.00  34 57.00  27 72.00
 22 87.00  40 74.00  24 58.00
 34 47.00  27 63.00  36 60.00
 40 58.00  26 67.00  33 72.00
 43 71.00  11 58.00  37 71.00
 34 77.00  27 82.00  36 70.00
 22 85.00  44 78.00  33 65.00
 40 82.00  24 58.00  33 79.00
 22 50.00  44 69.00  33 80.00
 22 89.00  44 60.00  33 68.00
 33 56.00  40 78.00  24 76.00
 33 56.00  40 75.00  24 78.00
 44 73.00  40 50.00  33 75.00
 44 72.00  33 69.00  40 50.00
 44 64.00  33 58.00  40 77.00
 22 55.00  33 78.00  44 57.00
 44 75.00  33 48.00  40 61.00
 44 63.00  40 75.00  33 53.00
