 28 65.94  25 66.14  23 66.87
 33 68.86  40 69.26  24 69.82
 9 63.19  20 64.22  45 63.74
 34 67.49  36 68.58  27 68.19
 2 60.83  20 60.29  9 61.53
 20 75.97  45 76.73  5 77.31
 12 69.98  44 71.43  22 71.37
 36 60.35  31 58.80  19 60.15
 5 62.78  41 62.90  10 64.41
 20 64.22  45 62.75  10 64.41
 38 54.62  18 55.90  39 54.22
 25 63.15  23 64.87  35 63.16
 14 65.44  34 63.70  27 64.01
 26 69.08  17 68.92  15 70.66
 2 57.75  9 58.21  20 56.38
 7 57.81  13 56.77  16 58.70
 15 61.77  30 59.84  18 60.86
 12 62.91  22 64.87  44 64.12
 31 68.96  32 67.36  2 66.97
 30 59.84  18 60.86  39 58.78
 43 55.43  6 54.25  11 56.34
 11 62.39  42 61.43  37 63.55
 36 57.06  31 57.95  19 55.79
 42 74.84  12 76.17  22 73.98
 40 51.6  24 51.11  26 53.32
 5 66.65  10 64.41  7 65.94
 40 64.85  24 62.54  26 62.51
 16 56.8  29 57.81  4 55.43
 9 62.36  20 64.22  45 64.74
 42 64.41  12 64.68  22 66.83
 30 70.01  18 70.78  39 72.45
 38 71.28  1 73.21  34 73.80
 18 68.79  21 69.00  39 71.31
 18 76.73  39 79.28  21 77.37
 16 60.59  29 60.90  4 58.34
 8 60.34  4 62.70  29 62.96
 19 68.89  32 66.18  2 66.97
 36 60.35  31 60.50  19 63.07
 41 60.28  7 62.06  13 63.04
 7 78.87  13 79.73  16 76.95
 31 58.8  19 61.62  32 61.46
 5 74.41  10 74.86  41 72.04
 2 56.22  9 59.04  20 58.73
 40 50.49  24 52.16  26 53.32
 17 68.92  15 71.78  30 70.01
 27 70.97  36 68.58  31 68.11
 12 71.75  22 74.62  42 71.87
 39 66.13  21 69.00  3 66.13
 38 60.86  10 59.19  7 62.06
 32 59.1  2 56.22  9 57.38
 20 62.65  45 61.75  5 64.72
 4 62.7  8 65.71  28 63.30
 33 59.3  40 61.54  24 58.39
 14 70.65  34 73.80  27 73.75
 16 68.19  29 65.01  4 65.61
 9 62.93  20 60.29  45 59.76
 45 56.76  5 56.00  10 59.19
 1 62.31  34 61.17  14 64.38
 38 61.91  29 60.90  4 64.16
 17 58.07  15 55.11  30 58.38
 35 60  43 63.29  6 61.73
 15 56.22  30 55.48  18 52.93
 6 54.25  11 57.55  3 57.43
 38 60.86  3 61.77  41 64.20
 8 67.85  28 71.24  25 71.11
 25 61.16  23 61.88  35 58.44
 40 53.8  26 57.26  24 55.27
 41 51.15  13 52.60  7 49.13
 28 52.69  25 56.19  23 53.90
 32 63.82  2 65.56  9 62.05
 7 59.48  13 63.04  16 62.49
 13 63.04  16 62.49  7 59.48
 38 60.86  24 58.39  26 57.26
 4 68.53  8 72.15  29 70.16
 8 66.78  28 63.30  25 63.15
 43 58.8  6 58.74  11 62.39
 42 57.71  37 56.89  12 54.07
 10 69.64  41 69.43  7 65.94
 23 68.87  35 72.60  43 68.90
 23 67.87  35 67.88  25 64.15
 22 68.12  42 71.87  12 69.98
 43 65.54  6 61.73  35 63.16
 5 57.94  10 59.19  45 61.75
 37 54.66  42 58.45  12 58.49
 2 65.43  9 61.53  20 64.22
 1 53.59  14 54.99  34 51.06
 33 74.32  40 70.37  24 70.86
 31 65.57  19 61.62  32 63.82
 14 60.21  27 59.83  31 56.26
 41 69.43  13 73.47  7 71.11
 38 52.53  33 56.57  22 55.13
 38 62.95  3 58.87  41 58.98
 19 58.7  32 56.74  2 60.83
 19 70.34  32 74.45  31 73.18
 24 58.39  26 62.51  17 60.49
 30 58.38  39 56.50  21 60.63
 34 61.17  27 57.04  36 60.35
 23 56.89  35 58.44  43 61.05
 22 55.13  44 56.82  33 59.30
 44 67.77  33 66.13  22 63.58
 21 62.3  1 60.14  14 64.38
 6 61.73  11 66.02  3 61.77
 28 59.32  25 58.18  8 54.98
 13 66.16  16 70.52  29 69.06
 12 64.68  44 60.47  22 60.32
 38 81.68  5 77.31  10 80.09
 22 66.83  33 63.39  44 67.77
 2 60.83  20 63.81  9 59.43
 21 65.65  1 61.22  14 64.38
 17 56.87  15 60.66  30 61.29
 38 78.57  3 79.17  39 74.73
 3 73.37  21 69.00  5 73.44
 29 70.16  4 67.07  8 65.71
 9 64.03  20 60.29  45 64.74
 12 62.91  22 59.67  44 64.12
 12 69.98  22 65.52  44 67.77
 37 60.21  42 62.92  12 64.68
 11 62.39  6 63.23  37 66.88
 20 60.29  45 55.76  5 58.90
 35 60  43 63.29  6 58.74
 5 63.75  41 60.28  10 59.19
 28 63.3  23 67.87  25 66.14
 42 73.35  12 69.98  22 68.77
 42 52.49  12 55.83  22 57.07
 41 82.48  38 83.77  3 79.17
 34 64.96  27 61.22  36 60.35
 19 61.62  32 62.64  31 57.95
 41 60.28  13 55.73  7 55.60
 21 53.93  1 49.24  14 50.82
 33 57.94  40 62.64  24 58.39
 26 73.01  15 77.33  17 72.54
 2 51.62  9 51.56  20 56.38
 43 57.68  11 53.92  6 58.74
 14 54.99  34 58.65  27 59.83
 14 63.34  34 67.49  27 68.19
 36 60.35  31 59.65  19 64.52
 22 55.13  42 50.26  12 54.07
 3 63.23  5 65.69  41 68.12
 26 53.32  17 48.43  15 52.88
 14 59.17  34 54.85  27 54.26
 17 59.28  15 59.55  30 64.20
 2 51.62  9 56.54  20 54.81
 11 68.44  3 73.37  37 71.33
 41 64.2  7 68.53  16 69.13
 30 55.48  18 58.87  21 53.93
 26 69.08  17 64.10  24 68.78
 37 59.11  12 54.07  38 55.66
 9 59.87  45 56.76  20 54.81
 21 65.65  1 63.40  14 68.56
 43 74.52  6 79.69  11 78.12
 26 59.88  17 60.49  15 65.11
 8 61.41  28 56.67  25 56.19
 9 69.06  20 68.13  45 63.81
 9 49.9  45 49.77  20 55.05
 40 59.33  24 64.62  26 62.51
 10 53.96  7 50.43  13 55.73
 21 63.97  1 64.49  14 59.17
 26 66.45  17 71.33  15 71.78
 19 70.34  32 65.01  2 66.97
 21 58.94  1 53.59  39 54.22
 38 71.28  3 74.82  41 69.43
 26 63.82  17 61.69  15 58.44
 43 56.55  6 61.73  11 56.34
 12 71.84  42 66.43  22 71.37
 42 55.05  12 49.64  22 52.52
 8 75.36  25 74.10  28 69.92
 31 74.03  19 71.80  36 68.58
 16 60.59  29 66.04  4 62.70
 19 63.07  32 68.55  2 65.43
 15 71.78  30 77.28  39 77.01
 14 57.08  34 61.17  27 62.61
 41 70.74  7 76.29  10 74.86
 5 59.87  10 59.19  45 64.74
 21 69  1 63.40  39 67.89
 10 64.41  41 60.28  7 65.94
 45 74.73  5 74.41  10 80.09
 43 64.42  6 58.74  35 63.16
 28 72.57  25 67.13  23 66.87
 25 64.15  23 62.88  35 58.44
 23 79.85  35 83.62  43 77.88
 7 65.94  13 68.26  16 62.49
 8 66.78  28 72.57  4 68.53
 38 57.74  19 52.88  39 51.95
 2 70.03  9 65.68  20 64.22
 32 69.73  2 63.89  9 67.35
 2 62.36  9 60.70  20 66.57
 4 62.7  8 67.85  28 68.60
 43 58.8  6 64.73  11 59.97
 45 52.77  10 53.96  20 58.73
 41 58.98  7 53.01  13 55.73
 32 57.92  2 63.89  9 58.21
 3 77.72  5 72.57  41 78.57
 11 72.57  42 78.57  12 76.17
 40 59.33  24 58.39  26 53.32
 36 60.35  31 56.26  19 54.34
 20 69.7  45 75.73  5 73.44
 34 56.12  27 50.08  36 55.41
 45 54.77  5 51.15  10 48.73
 12 64.68  44 58.64  22 59.02
 32 79.17  2 73.10  9 74.83
 45 75.73  10 69.64  20 72.06
 32 57.92  2 56.22  9 62.36
 4 59.79  16 63.44  29 66.04
 4 77.25  8 82.88  29 83.54
 5 55.03  41 53.76  10 48.73
 8 63.56  28 59.32  25 57.18
 22 58.38  44 58.64  33 64.76
 17 66.51  15 71.78  30 72.92
 26 71.71  17 65.30  15 68.44
 28 64.62  25 58.18  23 58.88
 13 69.3  16 67.23  7 73.70
 26 69.08  17 74.95  15 68.44
 38 83.77  4 77.25  3 77.72
 22 77.23  44 73.25  33 79.78
 14 47.69  34 53.59  27 54.26
 15 68.44  30 62.75  18 61.85
 9 59.04  20 52.45  45 55.76
 23 61.88  43 56.55  35 63.16
 26 65.14  17 70.12  15 71.78
 27 61.22  36 60.35  31 54.57
 40 68.16  24 61.50  33 63.39
 8 71.07  4 68.53  28 75.22
 12 69.98  44 63.38  22 70.08
 10 64.41  41 66.81  7 71.11
 38 59.82  5 57.94  3 53.08
 12 64.68  22 67.48  44 71.43
 41 62.9  10 69.64  7 68.53
 26 73.01  17 68.92  15 66.22
 13 66.16  16 64.38  29 71.19
 18 60.86  1 65.58  39 58.78
 45 60.76  10 53.96  7 60.77
 38 72.31  1 75.39  14 68.56
 29 57.81  4 62.70  8 64.63
 14 58.12  34 64.96  27 59.83
 1 59.04  14 59.17  34 52.33
 28 50.04  23 56.89  25 56.19
 25 62.16  23 66.87  35 60.00
 17 64.1  15 57.33  30 64.20
 18 65.82  21 58.94  39 61.06
 44 62.29  33 57.94  22 64.87
 42 59.2  12 61.14  22 66.17
 41 57.67  7 64.65  13 60.95
 38 57.74  19 58.70  5 64.72
 41 56.37  7 63.36  10 59.19
 36 76.81  31 69.80  27 70.97
 1 72.12  14 65.56  34 72.57
 9 70.81  20 68.13  45 63.81
 8 74.29  28 67.27  25 74.10
 26 79.58  17 72.54  15 76.22
 41 62.9  7 65.94  13 58.87
 45 68.74  5 71.51  10 64.41
 21 63.97  1 56.86  14 57.08
 13 63.04  16 65.34  29 70.16
 43 57.68  6 58.74  11 64.81
 40 62.64  24 69.82  26 66.45
 23 64.87  35 58.44  43 57.68
 21 77.37  1 74.30  39 70.17
 2 65.43  20 58.73  9 58.21
 41 68.12  7 62.06  13 69.30
 28 57.99  23 53.90  25 61.16
 10 53.96  41 60.28  7 53.01
 3 67.57  5 65.69  41 60.28
 44 60.47  38 53.57  22 53.17
 4 52.51  8 50.68  28 57.99
 7 72.41  16 76.07  13 79.73
 23 62.88  43 68.90  35 61.58
 43 58.8  6 54.25  35 61.58
 37 63.55  42 56.21  12 58.49
 32 57.92  2 63.89  9 56.54
 34 66.22  36 68.58  27 61.22
 7 62.06  16 58.70  13 54.69
 18 55.9  21 58.94  39 63.33
 30 58.38  18 65.82  39 65.61
 1 65.58  14 58.12  34 62.43
 13 55.73  16 48.27  7 55.60
 1 57.95  14 65.44  34 61.17
 13 50.52  16 48.27  29 55.75
 32 76.81  2 71.57  19 79.07
 26 70.39  30 67.11  15 62.89
 21 58.94  1 51.41  14 56.04
 21 62.3  1 54.69  39 56.50
 10 64.41  41 72.04  7 65.94
 18 47.97  21 55.60  39 55.05
 13 65.56  16 57.90  29 59.86
 3 60.33  37 67.99  42 60.69
 28 60.64  23 60.88  25 53.21
 44 60.47  40 68.16  33 62.03
 26 61.2  17 61.69  15 54.00
 32 49.65  2 50.08  9 57.38
 19 57.25  32 65.01  31 60.50
 45 61.75  5 59.87  10 53.96
 3 55.98  37 63.55  42 63.81
 27 69.58  36 76.81  31 77.41
 11 62.39  3 54.53  37 58.00
 25 63.15  23 57.88  35 55.28
 33 70.23  40 78.10  24 76.05
 30 59.84  18 52.93  39 51.95
 12 68.21  44 64.12  22 72.02
 30 75.82  18 72.76  39 67.89
 3 63.23  21 62.30  38 70.24
 34 68.75  27 76.53  36 68.58
 26 63.82  17 65.30  24 57.35
 25 55.2  23 59.88  35 63.16
 13 66.16  16 67.23  29 74.27
 2 50.08  9 58.21  20 54.81
 16 63.44  29 71.19  13 63.04
 23 63.88  35 64.73  43 56.55
 29 65.01  4 68.53  8 60.34
 32 69.73  2 65.43  9 61.53
 1 65.58  14 63.34  34 57.39
 38 62.95  3 61.77  4 69.98
 21 60.63  1 68.85  14 67.52
 21 60.63  1 68.85  39 67.89
 40 58.22  26 66.45  24 58.39
 38 57.74  37 51.33  44 49.51
 34 58.65  27 57.04  36 65.29
 37 54.66  12 62.91  42 61.43
 37 54.66  42 56.96  12 62.91
 24 61.5  26 53.32  17 53.25
 25 61.16  23 52.90  35 55.28
 38 52.53  3 51.63  39 59.92
 41 53.76  7 62.06  13 55.73
 6 61.73  11 56.34  37 64.66
 33 72.96  40 67.06  24 64.62
 1 62.31  34 64.96  14 70.65
 29 59.86  4 55.05  8 63.39
 8 74.29  28 65.94  25 73.10
 19 63.07  32 61.46  2 54.69
 34 68.75  27 64.01  36 60.35
 31 77.32  32 69.94  19 68.89
 15 67.33  30 61.29  18 58.87
 32 61.46  2 53.15  19 61.62
 44 73.25  33 64.76  22 64.87
 33 64.76  40 64.85  44 73.25
 28 51.37  23 59.88  25 53.21
 36 60.35  31 61.34  19 68.89
 11 58.76  37 50.22  42 53.23
 24 66.7  26 65.14  17 58.07
 1 54.69  14 63.34  34 54.85
 35 47.42  43 55.43  6 46.77
 17 59.28  15 58.44  30 67.11
 28 59.32  25 58.18  23 66.87
 12 54.07  22 45.37  44 47.68
 28 68.6  25 67.13  23 75.85
 9 65.68  45 71.73  20 74.41
 32 72.57  2 68.50  9 63.81
 5 67.63  10 59.43  41 68.19
 10 59.43  41 68.19  13 63.04
 28 65.94  25 57.18  23 63.88
 14 55.05  34 63.81  27 61.22
 26 53.32  17 49.63  24 58.39
 21 63.97  1 72.12  14 72.74
 45 65.74  5 56.96  10 64.41
 43 62.17  6 57.25  11 66.02
 3 69.03  37 60.21  42 61.43
 2 65.43  9 56.54  20 64.22
 28 61.97  25 66.14  23 70.87
 6 70.71  11 62.39  3 61.77
 16 64.38  29 56.77  4 55.43
 31 60.5  19 64.52  32 55.55
 24 71.89  26 71.71  17 62.90
 36 68.58  19 70.34  31 61.34
 5 50.18  10 59.19  7 50.43
 18 70.78  21 62.30  39 71.31
 17 76.15  15 75.11  30 67.11
 43 67.78  6 58.74  11 64.81
 43 58.8  6 49.76  11 53.92
 6 54.25  11 56.34  3 47.29
 39 74.73  21 65.65  1 69.94
 14 71.7  34 66.22  27 62.61
 18 72.76  21 69.00  39 78.15
 40 59.33  24 62.54  26 53.32
 41 78.57  7 78.87  10 69.64
 11 68.44  37 63.55  42 59.20
 31 54.57  32 63.82  19 60.15
 25 53.21  23 43.91  35 50.56
 29 68.19  4 76.95  8 77.51
 37 64.66  12 55.83  42 65.16
 40 60.43  26 58.57  24 51.11
 30 61.29  18 60.86  39 51.95
 10 69.64  41 60.28  7 64.65
 45 57.76  5 55.03  10 64.41
 22 68.77  44 76.90  33 67.49
 37 62.44  12 64.68  42 71.87
 36 60.35  32 68.55  31 69.80
 35 55.28  43 61.05  6 64.73
 14 58.12  34 63.70  27 54.26
 19 67.43  32 57.92  31 63.88
 41 64.2  7 60.77  13 54.69
 37 72.44  42 71.12  12 62.91
 27 68.19  36 76.81  31 67.27
 21 60.63  1 69.94  39 70.17
 37 67.99  42 58.45  12 58.49
 21 57.27  1 65.58  14 56.04
 17 71.33  30 64.20  15 61.77
 16 58.7  29 65.01  4 55.43
 31 55.42  19 55.79  32 65.01
 38 53.57  23 59.88  35 63.16
 44 62.29  40 53.80  33 63.39
 37 86.88  42 77.83  11 77.28
 25 66.14  23 68.87  35 75.75
 19 63.07  32 67.36  2 57.75
 7 62.06  13 55.73  16 65.34
 38 62.95  39 61.06  21 70.67
 4 72.89  37 69.11  3 63.23
 45 62.75  5 72.47  10 64.41
 15 62.89  30 72.57  18 62.84
 19 57.25  32 57.92  2 66.97
 28 60.64  25 58.18  23 50.90
 30 65.65  18 55.90  39 56.50
 11 70.86  3 80.62  37 76.88
 44 60.47  40 69.26  33 70.23
 37 56.89  42 66.64  3 63.23
 42 68.14  12 58.49  22 58.38
 17 68.92  15 73.99  30 64.20
 13 60.95  16 62.49  29 52.66
 19 52.88  32 61.46  2 51.62
 16 68.19  29 67.07  4 58.34
 17 58.07  30 48.21  15 57.33
 25 61.16  35 71.02  43 62.17
 32 55.55  2 65.43  9 61.53
 19 60.15  32 65.01  2 70.03
 25 53.21  23 58.88  35 48.98
 38 66.07  9 75.66  45 65.74
 1 74.3  14 64.38  34 66.22
 6 69.21  11 61.18  42 71.12
 23 57.88  35 63.16  43 53.19
 41 72.04  13 64.08  7 62.06
 35 63.16  43 57.68  6 67.72
 3 64.67  21 63.97  38 54.62
 31 53.73  32 63.82  19 61.62
 24 64.62  26 61.20  17 71.33
 43 87.99  6 93.16  11 82.96
 25 78.08  35 67.88  8 74.29
 32 60.28  2 50.08  20 60.29
 13 56.77  16 51.68  7 46.55
 11 59.97  37 70.22  3 60.33
 23 52.9  35 63.16  43 53.19
 38 68.15  30 59.84  18 57.88
 36 68.58  19 63.07  38 73.35
 16 80.51  4 74.34  28 70.21
 34 62.43  36 52.13  27 57.04
 32 69.73  2 79.24  19 68.89
 22 57.07  42 56.96  12 67.34
 31 64.73  19 54.34  32 55.55
 43 58.8  6 69.21  11 64.81
 18 52.93  21 55.60  39 63.33
 7 53.01  13 60.95  16 63.44
 9 63.19  20 60.29  45 52.77
 37 58  12 62.91  42 52.49
 19 70.34  32 74.45  2 80.77
 14 64.38  34 67.49  27 57.04
 42 62.18  12 71.75  22 72.68
 36 72.77  31 64.73  19 62.20
 4 58.34  8 68.92  29 68.10
 37 64.66  42 59.20  12 54.07
 7 55.6  16 48.27  13 58.87
 18 70.78  1 60.14  14 61.26
 20 56.38  5 53.09  45 63.74
 44 67.77  33 67.49  40 57.11
 5 60.85  10 69.64  41 58.98
 1 56.86  14 67.52  34 63.70
 33 60.66  40 65.95  24 55.27
 38 60.86  3 57.43  41 68.12
 3 66.13  4 55.43  37 55.77
 27 73.75  31 63.04  36 68.58
 9 63.19  20 52.45  45 55.76
 14 64.38  34 68.75  27 75.14
 38 70.24  21 63.97  39 74.73
 44 71.43  33 60.66  22 63.58
 10 64.41  7 56.89  13 53.64
 16 63.44  13 52.60  7 55.60
 29 63.81  4 67.07  8 56.23
 11 68.44  37 74.66  42 79.32
 27 61.22  31 50.34  36 60.35
 27 61.22  36 55.41  31 50.34
 41 52.45  7 63.36  13 63.04
 15 71.78  18 60.86  30 65.65
 20 50.89  5 61.81  45 57.76
 4 65.61  28 76.54  8 70.00
 5 75.38  10 64.41  41 73.35
 38 63.99  3 54.53  41 65.51
 29 54.71  4 58.34  8 65.71
 3 60.33  5 55.03  38 66.07
 19 64.52  32 54.38  2 65.43
 18 62.84  14 60.21  34 71.28
 1 47.06  14 58.12  34 47.28
 40 67.06  24 57.35  26 55.95
 25 55.2  23 58.88  35 66.30
 33 71.59  40 62.64  24 60.47
 2 68.5  9 57.38  20 58.73
 37 61.33  42 57.71  3 50.18
 35 52.14  43 63.29  6 61.73
 20 68.13  45 65.74  5 56.96
 35 66.3  43 56.55  6 67.72
 19 55.79  32 63.82  2 66.97
 43 63.29  6 70.71  11 74.49
 5 61.81  41 55.06  29 50.60
 38 70.24  25 73.10  23 61.88
 31 77.23  19 65.98  32 68.19
 32 87.44  2 76.17  9 83.96
 6 73.7  11 74.49  3 63.23
 13 58.87  16 67.23  29 70.16
 18 58.87  30 59.84  39 70.17
 43 65.54  6 54.25  11 58.76
 17 65.3  15 54.00  26 57.26
 21 63.97  1 63.48  14 74.83
 22 56.42  33 66.13  44 67.77
 17 72.54  15 78.44  30 83.90
 21 60.63  1 49.24  39 58.78
 34 66.22  36 76.81  27 65.40
 13 64.08  16 57.75  29 52.66
 18 55.9  30 65.65  39 54.22
 21 85.75  1 74.30  14 77.95
 16 64.38  29 54.71  13 66.16
 29 50.6  4 62.05  8 60.34
 28 52.69  4 64.16  8 62.48
 16 59.65  29 63.98  4 52.51
 4 72.89  8 61.41  28 64.62
 38 63.99  29 58.83  4 52.51
 3 74.82  18 73.75  39 63.33
 19 71.8  32 66.18  2 77.71
 38 62.95  3 70.47  21 58.94
 40 64.85  24 61.50  26 53.32
 34 64.96  27 57.04  36 68.58
 13 69.3  16 57.75  29 66.04
 9 64.03  45 55.76  20 52.45
 18 60.86  30 68.56  39 72.45
 15 72.89  30 61.29  1 66.67
 33 63.39  40 69.26  24 75.01
 38 73.35  6 61.73  37 65.78
 43 65.54  6 54.25  11 53.92
 32 89.8  2 88.45  9 78.15
 35 62.05  43 72.57  6 73.70
 44 64.12  33 52.47  22 56.42
 26 57.26  17 68.92  15 57.33
 3 60.33  41 58.98  21 70.67
 3 55.98  6 67.72  38 56.70
 3 71.93  4 62.70  25 60.17
 11 66.02  6 54.25  37 56.89
 17 71.33  15 59.55  30 61.29
 45 65.74  5 64.72  10 53.96
 19 73.26  32 61.46  2 73.10
 37 70.22  42 59.94  12 71.75
 11 56.34  12 68.21  42 64.41
 23 73.86  43 85.75  35 83.62
 36 57.06  31 68.96  19 65.98
 31 61.34  19 73.26  32 63.82
 6 73.7  11 73.28  3 61.77
 38 66.07  3 61.77  6 73.70
 31 83.33  19 93.63  38 81.68
 36 68.58  31 70.65  19 80.53
 9 64.03  20 75.97  38 65.03
 16 73.87  29 61.92  4 67.07
 21 62.3  1 50.33  14 58.12
 38 69.19  29 60.90  4 72.89
 21 62.3  1 74.30  39 72.45
 21 55.6  1 53.59  39 65.61
 43 63.29  11 53.92  6 51.25
 43 81.26  6 69.21  11 72.57
 5 48.24  10 59.19  41 60.28
 32 54.38  2 57.75  9 66.51
 21 69  1 56.86  14 62.30
 7 81.46  13 69.30  16 77.66
 1 69.94  14 82.13  34 76.33
 38 58.78  8 50.68  23 62.88
 7 74.99  16 64.38  13 76.60
 38 67.11  45 63.74  20 75.97
 5 68.6  10 64.41  41 56.37
 38 66.07  44 58.64  33 53.84
 28 52.69  25 61.16  23 48.91
 18 58.87  21 55.60  39 67.89
 3 57.43  37 53.56  42 65.90
 30 58.38  18 70.78  39 65.61
 15 58.44  30 58.38  18 70.78
 8 77.68  28 81.85  25 90.09
 29 62.96  4 69.98  8 75.36
 28 68.6  25 56.19  23 61.88
 30 65.65  18 58.87  39 71.31
 32 67.36  2 65.43  9 54.89
 40 57.11  44 69.60  33 62.03
 5 67.63  41 55.06  10 59.19
 6 67.72  11 58.76  37 71.33
 38 54.62  13 65.12  16 67.23
 33 53.84  40 63.74  24 51.11
 20 64.22  45 65.74  5 53.09
 5 53.09  10 53.96  45 65.74
 12 64.68  22 68.12  42 55.47
 42 50.26  37 61.33  12 62.91
 6 58.74  11 59.97  3 47.29
 21 72.57  1 73.21  14 85.27
 30 51.12  18 63.83  39 61.06
 34 68.75  27 76.53  36 63.81
 44 58.64  33 70.23  22 71.37
 42 55.47  12 54.07  22 66.83
 33 74.32  40 61.54  24 71.89
 20 60.29  45 56.76  5 69.56
 23 73.86  35 67.88  43 61.05
 4 62.7  28 59.32  8 72.15
 20 79.9  45 87.70  10 74.86
 25 58.18  23 59.88  35 71.02
 15 48.44  30 61.29  18 58.87
 18 62.84  21 57.27  39 70.17
 38 53.57  1 61.22  14 66.48
 2 66.97  9 72.33  20 79.90
 6 61.73  11 74.49  37 74.66
 30 62.75  18 75.74  39 63.33
 36 64.39  31 77.41  27 66.79
 32 66.18  2 53.15  9 64.03
 31 63.88  19 55.79  32 50.83
 11 70.86  3 77.72  37 64.66
 11 74.49  6 70.71  42 61.43
 17 73.74  15 60.66  30 61.29
 3 54.53  42 64.41  37 51.33
 20 60.29  45 51.77  9 64.86
 25 53.21  35 66.30  28 59.32
 12 69.98  33 70.23  40 57.11
 16 71.98  13 58.87  7 59.48
 2 50.08  9 63.19  20 54.81
 21 52.24  1 48.14  14 61.26
 29 63.81  4 50.67  8 56.05
 35 62.05  43 74.32  6 75.20
 9 65.68  20 64.22  38 52.53
 17 50.84  15 64.00  38 62.95
 17 50.84  15 64.00  30 56.94
 30 56.94  18 60.86  39 70.17
 6 69.21  11 56.34  3 55.98
 1 64.49  14 70.65  34 57.39
 45 65.74  5 57.94  20 52.45
 1 73.21  14 64.38  34 59.91
 24 53.2  26 61.20  17 66.51
 23 64.87  35 71.02  43 57.68
 45 66.74  5 78.29  10 80.09
 18 58.87  21 52.24  39 65.61
 41 60.28  7 73.70  10 64.41
 35 61.58  43 54.31  6 67.72
 1 65.58  14 79.00  34 72.54
 4 58.34  28 61.97  8 48.54
 30 65.65  18 60.86  1 74.30
 12 71.84  22 58.38  44 67.77
 22 58.38  44 65.94  33 52.47
 45 63.81  5 77.31  10 74.86
 8 49.62  28 61.97  25 63.15
 41 53.29  7 47.42  13 60.95
 40 60.43  24 73.98  26 66.45
 21 72.35  1 67.76  39 58.78
 12 73.52  22 72.68  42 59.94
 30 64.2  18 58.87  39 72.45
 16 71.98  29 85.60  4 78.71
 43 55.43  11 69.07  6 58.74
 40 63.74  24 50.08  26 62.51
 28 66.91  25 54.20  23 67.87
 4 59.79  8 49.62  28 63.30
 28 63.3  25 55.20  8 49.62
 18 72.76  21 58.94  39 59.92
 23 50.9  35 64.73  43 56.55
 4 62.7  8 74.29  28 76.54
 24 60.47  26 74.33  17 62.90
 1 68.85  14 54.99  34 63.70
 44 65.94  33 62.03  40 75.89
 44 62.29  33 62.03  40 75.89
 11 68.44  37 54.54  3 61.77
 33 63.39  40 53.80  24 67.74
 12 80.6  42 66.64  22 76.58
 19 64.52  32 68.55  31 54.57
 45 63.74  5 60.85  10 74.86
 29 72.22  4 67.07  8 58.20
 37 67.99  42 54.72  12 53.98
 25 67.13  23 64.87  35 78.90
 15 59.55  18 58.87  30 72.92
 15 51.77  30 64.20  18 65.82
 4 64.16  8 66.78  28 52.69
 31 52.88  32 62.64  2 66.97
 8 66.78  28 52.69  25 56.19
 20 79.9  45 81.72  5 67.63
 29 66.04  4 80.17  8 71.07
 30 62.75  18 72.57  15 58.44
 8 72.15  4 64.16  28 57.99
 37 64.66  11 74.49  3 60.33
 21 65.65  1 51.41  14 63.34
 8 52.83  28 57.99  29 67.07
 38 70.24  3 55.98  29 66.04
 38 52.53  3 64.67  41 66.81
 27 58.44  36 52.13  31 66.42
 16 64.38  29 77.37  13 78.69
 6 76.69  11 62.39  3 69.03
 23 70.87  35 61.58  43 56.55
 21 67.33  1 75.39  39 61.06
 21 55.6  1 69.94  39 67.89
 20 56.38  45 70.74  10 64.41
 18 75.74  39 74.73  21 89.10
 32 49.65  2 57.75  9 64.03
 29 53.69  4 67.07  28 52.69
 31 67.27  32 57.92  19 52.88
 45 48.77  20 59.43  9 63.19
 2 62.36  9 61.53  20 75.97
 5 46.3  10 53.96  45 60.76
 16 57.75  29 72.22  4 67.07
 23 77.85  35 86.77  43 72.28
 1 59.04  14 44.55  34 48.54
 25 70.11  23 74.86  35 60.30
 11 64.81  42 50.26  37 51.33
 21 58.94  1 64.24  39 49.66
 45 63.81  5 49.21  10 53.96
 36 76.81  31 62.19  19 64.52
 6 61.73  11 64.81  3 50.18
 27 66.79  36 52.13  31 53.73
 23 71.87  25 57.18  35 67.88
 8 53.91  28 68.60  25 54.20
 21 85.75  1 71.03  14 75.87
 14 69.61  34 54.85  27 64.01
 12 58.49  22 67.48  44 73.25
 8 60.34  28 59.32  25 74.10
 2 60.83  9 65.68  20 50.89
 38 61.91  3 51.63  41 66.43
 36 76.81  19 65.98  31 80.79
 2 60.83  9 75.66  20 62.65
 27 68.19  36 68.58  31 53.73
 27 59.83  36 68.58  31 53.73
 37 63.55  42 73.35  12 58.49
 8 58.2  28 73.09  25 66.14
 42 61.43  12 58.40  22 73.33
 18 70.78  30 71.46  39 56.50
 30 72.92  18 65.82  1 57.95
 40 58.22  24 51.11  33 66.13
 38 55.66  6 70.71  37 64.66
 18 48.96  21 55.60  39 40.55
 3 76.27  37 62.01  42 77.08
 38 66.07  44 64.12  40 79.21
 29 50.6  28 59.32  8 65.71
 19 47.06  32 56.74  31 62.19
 10 59.19  41 72.04  7 56.89
 35 77.32  43 62.17  11 62.39
 36 76.81  31 61.64  19 63.07
 38 67.11  21 60.63  39 51.95
 23 72.86  35 63.16  43 57.68
 14 49.77  34 64.96  27 57.04
 11 68.19  3 66.13  37 81.33
 38 47.33  24 62.54  18 50.95
 40 75.89  44 65.94  33 60.66
 38 67.11  37 74.66  18 59.43
 23 49.9  35 58.44  25 65.15
 8 50.68  28 65.94  25 63.15
 16 63.44  4 69.98  29 54.71
 34 63.7  27 53.29  36 68.58
 9 57.38  20 52.45  45 67.74
 40 50.49  26 62.51  17 47.22
 22 65.52  44 67.77  33 52.47
 7 76.29  13 60.95  16 65.34
 27 69.58  36 60.35  31 75.72
 7 68.53  13 83.90  16 71.98
 11 80.54  37 73.55  42 65.16
 5 63.81  10 74.86  7 59.48
 16 47.31  29 52.66  4 62.70
 16 66.07  4 50.67  29 56.77
 25 72.11  23 73.86  35 58.44
 20 60.29  5 64.72  45 75.73
 36 76.81  31 61.34  27 76.53
 19 71.8  32 59.10  2 74.64
 42 72.61  12 62.91  22 57.07
 27 61.22  36 76.81  31 67.27
 15 54  30 68.52  18 52.93
 20 83.81  45 68.19  5 78.29
 17 65.3  15 57.33  30 49.67
 20 72.06  5 75.38  45 87.70
 2 56.22  9 54.06  20 69.70
 13 60.95  16 47.31  29 62.96
 16 68.19  29 57.81  4 52.51
 15 78.44  30 80.18  21 94.12
 33 74.32  40 70.37  44 58.64
 20 58.73  45 69.74  5 54.06
 8 47.47  28 54.02  25 63.15
 36 68.58  31 52.88  19 52.88
 27 52.87  36 68.58  31 61.34
 34 61.17  27 52.87  36 68.58
 42 68.89  22 70.73  44 54.99
 13 72.57  16 56.80  7 59.48
 7 60.77  13 50.52  16 66.29
 34 78.86  19 63.07  38 67.11
 41 69.43  7 55.60  13 71.38
 6 64.73  11 80.54  3 70.47
 12 71.75  44 55.92  22 71.37
 26 69.08  17 53.25  24 57.35
 38 62.95  14 52.91  34 68.75
 1 57.95  14 59.17  34 73.80
 9 54.89  20 60.29  45 70.74
 26 59.88  17 66.51  15 50.66
 2 76.17  20 60.29  9 64.03
 19 65.98  32 62.64  2 50.08
 43 58.8  6 66.22  11 50.29
 35 58.44  43 72.28  11 74.41
 37 55.77  12 71.75  42 65.90
 32 61.46  2 70.03  9 54.06
 3 57.43  41 68.19  38 52.21
 27 68.19  36 68.58  31 84.18
 6 49.76  11 62.39  37 65.78
 2 68.5  9 63.19  20 52.45
 8 68.75  28 52.69  25 60.17
 17 77.36  15 70.66  30 61.29
 24 72.93  26 59.88  17 56.87
 40 74.79  24 78.13  33 62.03
 18 76.73  39 72.45  21 60.63
 12 67.34  22 51.22  44 58.64
 37 65.78  42 54.72  12 49.64
 5 68.6  41 52.45  10 59.19
 37 70.22  42 57.71  12 54.07
 34 61.17  36 71.87  27 55.65
 38 71.28  18 55.05  39 61.06
 34 52.33  27 58.44  36 68.58
 26 65.14  17 80.98  15 64.68
 12 49.64  44 65.94  22 58.38
 21 69  1 77.57  14 61.26
 23 66.87  35 50.56  43 62.17
 16 66.29  4 52.51  8 68.92
 23 74.86  35 58.44  43 73.44
 22 53.17  44 69.60  12 62.91
 21 58.94  1 75.39  14 67.52
 21 58.94  1 75.39  39 67.89
 29 56.77  28 69.92  8 73.21
 16 81.47  29 65.01  4 69.98
 18 73.75  21 57.27  39 61.06
 40 67.06  24 60.47  26 76.95
 43 57.68  6 63.23  35 74.17
 40 53.8  24 69.82  26 53.32
 32 50.83  2 59.29  9 67.35
 19 64.25  32 79.57  2 80.77
 10 59.19  41 47.23  7 42.67
 23 69.87  43 81.26  35 64.73
 26 82.21  15 73.99  24 65.66
 18 70.78  21 62.30  39 54.22
 21 52.24  1 68.85  14 63.34
 34 68.75  27 61.22  36 52.13
 7 53.01  13 66.16  10 69.64
 16 67.23  4 55.43  29 50.60
 3 68.19  34 54.85  41 51.54
 40 75.89  24 79.17  26 62.51
 16 67.23  29 75.31  13 83.90
 35 69.45  43 55.43  6 52.75
 6 69.21  11 80.54  3 63.81
 11 68.44  37 62.44  3 79.17
 14 72.74  34 61.17  27 77.93
 12 67.34  22 50.57  44 62.29
 40 58.22  24 75.01  33 67.49
 18 81.33  39 71.31  30 64.52
 37 58  42 48.02  12 64.85
 41 62.9  7 65.94  13 79.73
 9 59.87  20 68.13  45 76.73
 41 53.76  39 45.10  3 62.05
 5 71.51  29 56.77  3 54.53
 23 50.9  35 67.88  43 64.42
 8 66.78  28 71.24  38 83.77
 12 64.68  22 52.52  44 47.68
 28 83.17  25 66.14  23 81.84
 10 64.41  41 73.35  7 81.46
 10 64.41  7 81.46  13 69.30
 40 70.37  24 55.27  26 53.32
 44 58.64  33 70.23  22 53.17
 28 60.64  23 59.88  25 76.95
 11 56.34  6 54.25  37 71.33
 31 71.49  32 54.38  19 63.07
 27 51.47  36 68.58  31 60.50
 26 84.84  17 67.71  24 75.01
 26 70.39  17 56.87  15 73.99
 45 68.19  10 85.32  5 70.53
 32 62.64  2 45.48  9 55.71
 14 76.07  34 82.65  27 93.25
 15 59.55  30 62.75  18 76.73
 40 61.54  44 78.72  33 63.39
 10 69.64  41 52.45  7 63.36
 7 65.94  13 55.73  16 72.92
 34 77.59  27 68.19  36 60.35
 36 60.35  31 74.87  19 77.62
 38 69.19  24 80.20  18 62.93
 12 62.91  44 58.64  22 75.93
 36 52.13  31 57.95  19 69.46
 12 55.83  22 48.62  44 65.94
 9 65.68  45 73.73  20 56.38
 1 63.4  14 62.30  34 46.02
 7 68.53  16 51.11  13 56.77
 26 74.33  17 56.87  15 57.33
 21 77.37  1 66.67  34 59.91
 27 73.75  36 60.35  31 56.26
 17 67.71  15 77.33  30 59.84
 26 53.32  17 70.81  15 60.66
 17 68.92  15 79.56  30 62.05
 12 68.21  42 77.83  22 60.32
 9 72.57  20 72.06  38 55.05
 45 61.75  5 52.12  10 69.64
 22 52.52  33 63.39  44 45.86
 41 64.2  13 81.82  7 65.94
 37 60.21  42 77.83  3 67.57
 43 64.42  6 46.77  11 62.39
 25 53.21  23 70.87  35 55.28
 3 73.37  25 68.12  38 55.66
 11 62.39  37 72.44  42 54.72
 23 48.91  43 66.66  35 63.16
 14 74.83  27 57.04  36 60.35
 26 63.82  17 46.02  15 47.33
 15 55.11  30 72.92  18 57.88
 26 57.26  17 68.92  15 75.11
 43 55.43  6 58.74  11 73.28
 35 71.02  43 58.80  6 76.69
 34 70.02  36 52.13  27 64.01
 28 52.69  23 66.87  35 48.98
 23 52.9  35 70.81  43 63.29
 8 72.15  28 67.27  25 54.20
 17 60.49  15 78.44  30 61.29
 27 66.79  36 48.84  31 57.11
 17 49.63  15 66.22  30 48.21
 8 68.92  23 50.90  25 63.15
 4 81.62  8 63.56  28 71.24
 9 82.3  20 64.22  45 68.74
 22 46.67  44 58.64  33 64.76
 28 73.9  25 87.03  8 68.92
 40 71.47  26 53.32  24 57.35
 38 52.53  41 70.74  39 54.22
 5 54.06  41 55.06  38 72.31
 19 45.6  32 55.55  2 63.89
 12 71.75  22 76.58  44 58.27
 15 65.11  30 58.38  18 76.73
 4 58.34  8 58.20  28 76.54
 35 67.88  43 71.16  6 52.75
 40 57.11  24 75.01  33 56.57
 13 65.12  16 70.08  29 51.63
 36 52.13  31 66.96  19 48.51
 6 67.72  11 56.34  3 74.82
 5 72.47  10 53.96  41 69.43
 30 64.2  18 53.92  39 72.45
 40 79.21  24 68.78  33 60.66
 4 52.51  8 71.07  28 61.97
 42 63.81  37 63.55  12 45.22
 1 66.67  14 85.27  34 76.33
 28 88.47  25 75.09  23 69.87
 21 58.94  1 77.57  39 65.61
 40 67.06  26 53.32  17 48.43
 45 55.76  5 74.41  10 64.41
 39 67.89  21 63.97  1 49.24
 8 47.47  28 61.97  25 66.14
 28 63.3  25 60.17  23 78.85
 4 52.51  8 63.56  29 71.19
 11 61.18  37 56.89  42 75.59
 24 76.05  17 60.49  15 57.33
 33 53.84  40 72.57  24 67.74
 28 61.97  25 76.95  8 58.20
 17 64.1  30 45.31  18 60.86
 45 50.77  5 69.56  10 53.96
 29 74.27  4 55.43  8 56.05
 44 76.9  33 57.94  22 69.43
 42 51.74  12 59.37  22 70.73
 35 71.02  43 53.19  6 72.21
 26 79.58  17 65.30  24 84.37
 26 79.58  17 60.49  15 79.56
 44 69.6  40 50.49  33 63.39
 42 61.43  12 80.60  44 69.60
 14 79  34 67.49  27 59.83
 19 52.88  32 72.08  31 55.42
 42 70.38  12 54.07  22 73.33
 27 61.22  31 68.11  36 48.84
 9 60.7  20 72.06  45 52.77
 22 77.88  44 60.47  33 79.78
 36 48.84  31 57.95  27 68.19
 5 70.53  41 51.15  10 64.41
 33 53.84  40 58.22  44 73.25
 3 66.13  21 77.37  5 57.94
 24 61.5  26 69.08  17 49.63
 29 52.66  4 67.07  8 72.15
 24 54.23  26 62.51  17 73.74
 45 65.74  5 68.60  10 85.32
 29 77.37  4 65.61  16 57.75
 20 64.22  5 75.38  45 55.76
 32 54.38  2 62.36  9 73.99
 40 64.85  26 53.32  24 72.93
 30 51.12  18 70.78  15 56.22
 16 58.7  29 78.39  4 67.07
 36 76.81  31 57.11  19 64.52
 36 60.35  31 74.03  19 54.34
 34 63.7  19 83.45  39 74.73
 17 73.74  15 54.00  30 71.46
 40 61.54  44 58.64  33 78.42
 38 56.7  3 55.98  37 75.77
 23 80.84  43 61.05  35 67.88
 40 57.11  24 72.93  26 76.95
 41 57.67  13 77.64  7 65.94
 32 83.89  2 63.89  19 65.98
 17 77.36  15 59.55  26 79.58
 34 48.54  27 55.65  36 68.58
 33 66.13  40 46.08  24 63.59
 29 81.48  4 74.34  8 61.41
 38 71.28  24 51.11  26 53.32
 1 50.33  27 66.79  14 70.65
 16 75.77  4 55.43  29 67.07
 41 75.96  13 63.04  7 55.60
 13 51.56  16 71.98  29 55.75
 15 49.55  30 70.01  18 65.82
 6 58.74  11 56.34  37 76.88
 43 86.87  6 76.69  35 66.30
 2 73.1  9 59.04  20 52.45
 37 54.66  12 71.75  42 51.00
 5 59.87  10 74.86  45 80.72
 23 54.9  43 57.68  35 75.75
 24 65.66  26 53.32  17 44.82
 16 77.66  29 65.01  13 56.77
 34 73.8  27 52.87  36 65.29
 18 60.86  30 72.92  39 51.95
 41 79.87  13 58.87  7 68.53
 28 61.97  23 73.86  8 52.83
 7 62.06  13 69.30  16 48.27
 27 65.4  36 52.13  31 73.18
 32 57.92  2 59.29  9 78.98
 1 68.85  14 47.69  27 57.04
 6 69.21  11 62.39  37 48.00
 41 58.98  37 80.21  3 74.82
 44 75.07  40 67.06  33 53.84
 26 66.45  17 71.33  24 50.08
 28 54.83  25 76.09  8 58.20
 5 59.87  10 64.41  41 81.18
 31 56.26  19 77.62  32 66.18
 24 56.31  17 62.90  18 77.72
 45 58.76  5 75.38  10 53.96
 13 50.52  16 71.98  29 58.83
 16 58.7  4 80.17  8 61.41
 35 53.71  43 67.78  6 75.20
 30 61.29  18 73.75  21 52.24
 26 53.32  17 74.95  15 61.77
 43 57.68  11 49.08  6 70.71
 7 59.48  13 58.87  16 80.51
 37 52.44  42 74.10  3 54.53
 11 53.92  37 67.99  42 75.59
 14 70.65  34 54.85  27 76.53
 22 75.93  40 71.47  24 54.23
 34 42.22  27 64.01  36 52.13
 40 53.8  26 75.64  33 71.59
 43 73.4  11 53.92  37 75.77
 34 80.12  27 90.46  36 68.58
 22 74.62  44 84.21  33 65.56
 40 80.31  24 63.81  33 81.15
 22 68.19  44 67.77  33 82.52
 22 77.23  44 60.09  33 66.13
 33 65.56  40 75.89  24 72.93
 33 65.51  40 72.57  24 75.01
 44 75.07  40 55.05  33 75.68
 44 73.25  33 67.49  40 53.29
 44 58.64  33 60.35  40 65.56
 22 55.13  33 72.78  44 62.93
 44 78.72  33 61.59  40 57.11
 44 56.82  40 72.57  33 61.41
