 28 52.44  25 52.66  23 53.50
 33 55.77  40 56.23  24 56.86
 9 49.30  20 50.47  45 49.93
 34 54.20  36 55.45  27 55.00
 2 46.60  20 45.99  9 47.40
 20 63.89  45 64.75  5 65.42
 12 57.05  44 58.70  22 58.64
 36 46.06  31 44.29  19 45.83
 5 48.83  41 48.96  10 50.69
 20 50.47  45 48.79  10 50.69
 38 39.51  18 40.98  39 39.06
 25 49.25  23 51.22  35 49.26
 14 51.86  34 49.88  27 50.23
 26 56.02  17 55.84  15 57.83
 2 43.09  9 43.61  20 41.52
 7 43.15  13 41.97  16 44.17
 15 47.68  30 45.47  18 46.64
 12 48.98  22 51.22  44 50.36
 31 55.88  32 54.06  2 53.61
 30 45.47  18 46.64  39 44.26
 43 40.44  6 39.09  11 41.48
 11 48.38  42 47.29  37 49.71
 36 42.30  31 43.32  19 40.85
 42 62.60  12 64.12  22 61.61
 40 36.06  24 35.51  26 38.03
 5 53.25  10 50.69  7 52.44
 40 51.19  24 48.56  26 48.52
 16 42.00  29 43.15  4 40.44
 9 48.35  20 50.47  45 51.07
 42 50.69  12 51.00  22 53.45
 30 57.08  18 57.96  39 59.87
 38 58.53  1 60.74  34 61.41
 18 55.69  21 55.93  39 58.57
 18 64.75  39 67.67  21 65.49
 16 46.33  29 46.68  4 43.76
 8 46.04  4 48.74  29 49.03
 19 55.80  32 52.71  2 53.61
 36 46.06  31 46.22  19 49.16
 41 45.98  7 48.01  13 49.12
 7 67.20  13 68.18  16 65.00
 31 44.29  19 47.50  32 47.32
 5 62.11  10 62.62  41 59.40
 2 41.34  9 44.56  20 44.20
 40 34.80  24 36.70  26 38.03
 17 55.84  15 59.10  30 57.08
 27 58.18  36 55.45  31 54.91
 12 59.07  22 62.35  42 59.20
 39 52.65  21 55.93  3 52.65
 38 46.64  10 44.73  7 48.01
 32 44.63  2 41.34  9 42.66
 20 48.68  45 47.65  5 51.04
 4 48.74  8 52.17  28 49.42
 33 44.86  40 47.41  24 43.82
 14 57.81  34 61.41  27 61.35
 16 55.00  29 51.38  4 52.06
 9 49.00  20 45.99  45 45.38
 45 41.96  5 41.09  10 44.73
 1 48.29  34 46.99  14 50.66
 38 47.83  29 46.68  4 50.40
 17 43.45  15 40.07  30 43.81
 35 45.66  43 49.41  6 47.63
 15 41.34  30 40.50  18 37.58
 6 39.09  11 42.86  3 42.72
 38 46.64  3 47.68  41 50.45
 8 54.62  28 58.49  25 58.34
 25 46.98  23 47.80  35 43.87
 40 38.58  26 42.53  24 40.26
 41 35.55  13 37.21  7 33.25
 28 37.31  25 41.30  23 38.69
 32 50.02  2 52.00  9 48.00
 7 45.06  13 49.12  16 48.50
 13 49.12  16 48.50  7 45.06
 38 46.64  24 43.82  26 42.53
 4 55.39  8 59.52  29 57.25
 8 53.39  28 49.42  25 49.25
 43 44.29  6 44.22  11 48.38
 42 43.04  37 42.10  12 38.88
 10 56.66  41 56.42  7 52.44
 23 55.78  35 60.04  43 55.82
 23 54.64  35 54.65  25 50.39
 22 54.93  42 59.20  12 57.05
 43 51.98  6 47.63  35 49.26
 5 43.30  10 44.73  45 47.65
 37 39.56  42 43.89  12 43.93
 2 51.85  9 47.40  20 50.47
 1 38.34  14 39.94  34 35.45
 33 62.00  40 57.49  24 58.05
 31 52.01  19 47.50  32 50.02
 14 45.90  27 45.46  31 41.39
 41 56.42  13 61.03  7 58.34
 38 37.13  33 41.74  22 40.09
 38 49.02  3 44.37  41 44.49
 19 44.17  32 41.93  2 46.60
 19 57.46  32 62.15  31 60.70
 24 43.82  26 48.52  17 46.21
 30 43.81  39 41.66  21 46.37
 34 46.99  27 42.28  36 46.06
 23 42.10  35 43.87  43 46.85
 22 40.09  44 42.02  33 44.86
 44 54.53  33 52.65  22 49.74
 21 48.28  1 45.81  14 50.66
 6 47.63  11 52.53  3 47.68
 28 44.88  25 43.58  8 39.92
 13 52.69  16 57.67  29 56.00
 12 51.00  44 46.19  22 46.02
 38 70.41  5 65.42  10 68.59
 22 53.45  33 49.53  44 54.53
 2 46.60  20 50.00  9 45.00
 21 52.10  1 47.05  14 50.66
 17 42.08  15 46.41  30 47.13
 38 66.85  3 67.54  39 62.47
 3 60.92  21 55.93  5 61.00
 29 57.25  4 53.73  8 52.17
 9 50.25  20 45.99  45 51.07
 12 48.98  22 45.28  44 50.36
 12 57.05  22 51.96  44 54.53
 37 45.90  42 48.99  12 51.00
 11 48.38  6 49.34  37 53.51
 20 45.99  45 40.82  5 44.40
 35 45.66  43 49.41  6 44.22
 5 49.94  41 45.98  10 44.73
 28 49.42  23 54.64  25 52.66
 42 60.90  12 57.05  22 55.67
 42 37.08  12 40.90  22 42.31
 41 71.32  38 72.79  3 67.54
 34 51.32  27 47.05  36 46.06
 19 47.50  32 48.67  31 43.32
 41 45.98  13 40.78  7 40.63
 21 38.72  1 33.37  14 35.17
 33 43.30  40 48.67  24 43.82
 26 60.51  15 65.44  17 59.97
 2 36.09  9 36.02  20 41.52
 43 43.01  11 38.71  6 44.22
 14 39.94  34 44.11  27 45.46
 14 49.47  34 54.20  27 55.00
 36 46.06  31 45.26  19 50.82
 22 40.09  42 34.53  12 38.88
 3 49.34  5 52.15  41 54.92
 26 38.03  17 32.45  15 37.53
 14 44.71  34 39.78  27 39.10
 17 44.83  15 45.14  30 50.45
 2 36.09  9 41.71  20 39.73
 11 55.29  3 60.92  37 58.59
 41 50.45  7 55.39  16 56.08
 30 40.50  18 44.37  21 38.72
 26 56.02  17 50.33  24 55.68
 37 44.64  12 38.88  38 40.70
 9 45.51  45 41.96  20 39.73
 21 52.10  1 49.54  14 55.43
 43 62.23  6 68.13  11 66.34
 26 45.52  17 46.21  15 51.49
 8 47.27  28 41.85  25 41.30
 9 56.00  20 54.94  45 50.00
 9 34.12  45 33.98  20 40.00
 40 44.89  24 50.93  26 48.52
 10 38.76  7 34.73  13 40.78
 21 50.19  1 50.78  14 44.71
 26 53.02  17 58.59  15 59.10
 19 57.46  32 51.37  2 53.61
 21 44.45  1 38.34  39 39.06
 38 58.53  3 62.57  41 56.42
 26 50.02  17 47.58  15 43.87
 43 41.72  6 47.63  11 41.48
 12 59.17  42 53.00  22 58.64
 42 40.00  12 33.83  22 37.12
 8 63.19  25 61.75  28 56.98
 31 61.67  19 59.13  36 55.45
 16 46.33  29 52.55  4 48.74
 19 49.16  32 55.41  2 51.85
 15 59.10  30 65.38  39 65.07
 14 42.32  34 46.99  27 48.64
 41 57.91  7 64.25  10 62.62
 5 45.51  10 44.73  45 51.07
 21 55.93  1 49.54  39 54.66
 10 50.69  41 45.98  7 52.44
 45 62.47  5 62.11  10 68.59
 43 50.70  6 44.22  35 49.26
 28 60.01  25 53.80  23 53.50
 25 50.39  23 48.94  35 43.87
 23 68.31  35 72.62  43 66.07
 7 52.44  13 55.08  16 48.50
 8 53.39  28 60.01  4 55.39
 38 43.08  19 37.53  39 36.46
 2 57.11  9 52.14  20 50.47
 32 56.76  2 50.10  9 54.04
 2 48.35  9 46.45  20 53.15
 4 48.74  8 54.62  28 55.47
 43 44.29  6 51.05  11 45.62
 45 37.40  10 38.76  20 44.20
 41 44.49  7 37.68  13 40.78
 32 43.28  2 50.10  9 43.61
 3 65.88  5 60.00  41 66.85
 11 60.00  42 66.86  12 64.12
 40 44.89  24 43.82  26 38.03
 36 46.06  31 41.39  19 39.19
 20 56.73  45 63.61  5 61.00
 34 41.22  27 34.33  36 40.42
 45 39.68  5 35.55  10 32.79
 12 51.00  44 44.10  22 44.54
 32 67.54  2 60.61  9 62.58
 45 63.61  10 56.66  20 59.42
 32 43.28  2 41.34  9 48.35
 4 45.42  16 49.58  29 52.55
 4 65.35  8 71.77  29 72.53
 5 39.98  41 38.53  10 32.79
 8 49.72  28 44.88  25 42.44
 22 43.80  44 44.10  33 51.09
 17 53.09  15 59.10  30 60.40
 26 59.02  17 51.71  15 55.29
 28 50.93  25 43.58  23 44.38
 13 56.27  16 53.91  7 61.29
 26 56.02  17 62.72  15 55.29
 38 72.79  4 65.35  3 65.88
 22 65.32  44 60.78  33 68.24
 14 31.60  34 38.34  27 39.10
 15 55.29  30 48.79  18 47.77
 9 44.56  20 37.04  45 40.82
 23 47.80  43 41.72  35 49.26
 26 51.52  17 57.21  15 59.10
 27 47.05  36 46.06  31 39.46
 40 54.97  24 47.37  33 49.53
 8 58.29  4 55.39  28 63.03
 12 57.05  44 49.51  22 57.16
 10 50.69  41 53.43  7 58.34
 38 45.45  5 43.30  3 37.76
 12 51.00  22 54.19  44 58.70
 41 48.96  10 56.66  7 55.39
 26 60.51  17 55.84  15 52.75
 13 52.69  16 50.66  29 58.43
 18 46.64  1 52.03  39 44.26
 45 46.52  10 38.76  7 46.53
 38 59.71  1 63.22  14 55.43
 29 43.15  4 48.74  8 50.94
 14 43.51  34 51.32  27 45.46
 1 44.56  14 44.71  34 36.90
 28 34.29  23 42.10  25 41.30
 25 48.12  23 53.50  35 45.66
 17 50.33  15 42.61  30 50.45
 18 52.30  21 44.45  39 46.86
 44 48.27  33 43.30  22 51.22
 42 44.74  12 46.96  22 52.70
 41 43.00  7 50.96  13 46.74
 38 43.08  19 44.17  5 51.04
 41 41.51  7 49.49  10 44.73
 36 64.84  31 56.84  27 58.18
 1 59.49  14 52.00  34 60.00
 9 58.00  20 54.94  45 50.00
 8 61.97  28 53.95  25 61.75
 26 68.01  17 59.97  15 64.17
 41 48.96  7 52.44  13 44.36
 45 55.63  5 58.79  10 50.69
 21 50.19  1 42.07  14 42.32
 13 49.12  16 51.75  29 57.25
 43 43.01  6 44.22  11 51.15
 40 48.67  24 56.86  26 53.02
 23 51.22  35 43.87  43 43.01
 21 65.49  1 61.98  39 57.26
 2 51.85  20 44.20  9 43.61
 41 54.92  7 48.01  13 56.27
 28 43.36  23 38.69  25 46.98
 10 38.76  41 45.98  7 37.68
 3 54.30  5 52.15  41 45.98
 44 46.19  38 38.32  22 37.86
 4 37.11  8 35.02  28 43.36
 7 59.82  16 64.00  13 68.18
 23 48.94  43 55.82  35 47.46
 43 44.29  6 39.09  35 47.46
 37 49.71  42 41.33  12 43.93
 32 43.28  2 50.10  9 41.71
 34 52.76  36 55.45  27 47.05
 7 48.01  16 44.17  13 39.59
 18 40.98  21 44.45  39 49.46
 30 43.81  18 52.30  39 52.06
 1 52.03  14 43.51  34 48.43
 13 40.78  16 32.26  7 40.63
 1 43.32  14 51.86  34 46.99
 13 34.83  16 32.26  29 40.80
 32 64.85  2 58.86  19 67.43
 26 57.52  30 53.77  15 48.95
 21 44.45  1 35.85  14 41.13
 21 48.28  1 39.59  39 41.66
 10 50.69  41 59.40  7 52.44
 18 31.92  21 40.63  39 40.00
 13 52.00  16 43.26  29 45.50
 3 46.03  37 54.78  42 46.44
 28 46.39  23 46.66  25 37.90
 44 46.19  40 54.97  33 47.97
 26 47.02  17 47.58  15 38.80
 32 33.84  2 34.33  9 42.66
 19 42.51  32 51.37  31 46.22
 45 47.65  5 45.51  10 38.76
 3 41.07  37 49.71  42 50.00
 27 56.59  36 64.84  31 65.53
 11 48.38  3 39.41  37 43.37
 25 49.25  23 43.24  35 40.27
 33 57.33  40 66.32  24 63.98
 30 45.47  18 37.58  39 36.46
 12 55.03  44 50.36  22 59.38
 30 63.72  18 60.22  39 54.66
 3 49.34  21 48.28  38 57.34
 34 55.64  27 64.53  36 55.45
 26 50.02  17 51.71  24 42.63
 25 40.17  23 45.52  35 49.26
 13 52.69  16 53.91  29 61.95
 2 34.33  9 43.61  20 39.73
 16 49.58  29 58.43  13 49.12
 23 50.08  35 51.05  43 41.72
 29 51.38  4 55.39  8 46.04
 32 56.76  2 51.85  9 47.40
 1 52.03  14 49.47  34 42.67
 38 49.02  3 47.68  4 57.05
 21 46.37  1 55.76  14 54.24
 21 46.37  1 55.76  39 54.66
 40 43.62  26 53.02  24 43.82
 38 43.08  37 35.76  44 33.68
 34 44.11  27 42.28  36 51.69
 37 39.56  12 48.98  42 47.29
 37 39.56  42 42.19  12 48.98
 24 47.37  26 38.03  17 37.95
 25 46.98  23 37.55  35 40.27
 38 37.13  3 36.10  39 45.56
 41 38.53  7 48.01  13 40.78
 6 47.63  11 41.48  37 50.98
 33 60.45  40 53.71  24 50.93
 1 48.29  34 51.32  14 57.81
 29 45.50  4 40.00  8 49.52
 8 61.97  28 52.44  25 60.61
 19 49.16  32 47.32  2 39.59
 34 55.64  27 50.23  36 46.06
 31 65.43  32 57.00  19 55.80
 15 54.02  30 47.13  18 44.37
 32 47.32  2 37.84  19 47.50
 44 60.78  33 51.09  22 51.22
 33 51.09  40 51.19  44 60.78
 28 35.80  23 45.52  25 37.90
 36 46.06  31 47.19  19 55.80
 11 44.24  37 34.49  42 37.93
 24 53.30  26 51.52  17 43.45
 1 39.59  14 49.47  34 39.78
 35 31.29  43 40.44  6 30.55
 17 44.83  15 43.87  30 53.77
 28 44.88  25 43.58  23 53.50
 12 38.88  22 28.95  44 31.59
 28 55.47  25 53.80  23 63.75
 9 52.14  45 59.05  20 62.10
 32 60.00  2 55.36  9 50.00
 5 54.36  10 45.00  41 55.00
 10 45.00  41 55.00  13 49.12
 28 52.44  25 42.44  23 50.08
 14 40.00  34 50.00  27 47.05
 26 38.03  17 33.82  24 43.82
 21 50.19  1 59.49  14 60.20
 45 52.21  5 42.19  10 50.69
 43 48.13  6 42.51  11 52.53
 3 55.96  37 45.90  42 47.29
 2 51.85  9 41.71  20 50.47
 28 47.90  25 52.66  23 58.06
 6 57.88  11 48.38  3 47.68
 16 50.66  29 41.97  4 40.44
 31 46.22  19 50.82  32 40.58
 24 59.23  26 59.02  17 48.96
 36 55.45  19 57.46  31 47.19
 5 34.45  10 44.73  7 34.73
 18 57.96  21 48.28  39 58.57
 17 64.09  15 62.90  30 53.77
 43 54.54  6 44.22  11 51.15
 43 44.29  6 33.97  11 38.71
 6 39.09  11 41.48  3 31.14
 39 62.47  21 52.10  1 57.00
 14 59.01  34 52.76  27 48.64
 18 60.22  21 55.93  39 66.37
 40 44.89  24 48.56  26 38.03
 41 66.85  7 67.20  10 56.66
 11 55.29  37 49.71  42 44.74
 31 39.46  32 50.02  19 45.83
 25 37.90  23 27.29  35 34.88
 29 55.00  4 65.00  8 65.64
 37 50.98  12 40.90  42 51.54
 40 46.15  26 44.02  24 35.51
 30 47.13  18 46.64  39 36.46
 10 56.66  41 45.98  7 50.96
 45 43.10  5 39.98  10 50.69
 22 55.67  44 64.95  33 54.21
 37 48.44  12 51.00  42 59.20
 36 46.06  32 55.41  31 56.84
 35 40.27  43 46.85  6 51.05
 14 43.51  34 49.88  27 39.10
 19 54.14  32 43.28  31 50.08
 41 50.45  7 46.53  13 39.59
 37 59.86  42 58.35  12 48.98
 27 55.00  36 64.84  31 53.95
 21 46.37  1 57.00  39 57.26
 37 54.78  42 43.89  12 43.93
 21 42.54  1 52.03  14 41.13
 17 58.59  30 50.45  15 47.68
 16 44.17  29 51.38  4 40.44
 31 40.43  19 40.85  32 51.37
 38 38.32  23 45.52  35 49.26
 44 48.27  40 38.58  33 49.53
 37 76.34  42 66.01  11 65.38
 25 52.66  23 55.78  35 63.63
 19 49.16  32 54.06  2 43.09
 7 48.01  13 40.78  16 51.75
 38 49.02  39 46.86  21 57.84
 4 60.37  37 56.05  3 49.34
 45 48.79  5 59.89  10 50.69
 15 48.95  30 60.00  18 48.90
 19 42.51  32 43.28  2 53.61
 28 46.39  25 43.58  23 35.27
 30 52.11  18 40.98  39 41.66
 11 58.05  3 69.19  37 64.93
 44 46.19  40 56.23  33 57.33
 37 42.10  42 53.24  3 49.34
 42 54.95  12 43.93  22 43.80
 17 55.84  15 61.63  30 50.45
 13 46.74  16 48.50  29 37.27
 19 37.53  32 47.32  2 36.09
 16 55.00  29 53.73  4 43.76
 17 43.45  30 32.20  15 42.61
 25 46.98  35 58.24  43 48.13
 32 40.58  2 51.85  9 47.40
 19 45.83  32 51.37  2 57.11
 25 37.90  23 44.38  35 33.08
 38 52.58  9 63.53  45 52.21
 1 61.98  14 50.66  34 52.76
 6 56.17  11 47.00  42 58.35
 23 43.24  35 49.26  43 37.88
 41 59.40  13 50.31  7 48.01
 35 49.26  43 43.01  6 54.47
 3 50.99  21 50.19  38 39.51
 31 38.50  32 50.02  19 47.50
 24 50.93  26 47.02  17 58.59
 43 77.61  6 83.51  11 71.87
 25 66.29  35 54.65  8 61.97
 32 45.98  2 34.33  20 45.99
 13 41.97  16 36.16  7 30.30
 11 45.62  37 57.32  3 46.03
 23 37.55  35 49.26  43 37.88
 38 54.96  30 45.47  18 43.24
 36 55.45  19 49.16  38 60.90
 16 69.07  4 62.03  28 57.31
 34 48.43  36 36.67  27 42.28
 32 56.76  2 67.62  19 55.80
 22 42.31  42 42.19  12 54.03
 31 51.05  19 39.19  32 40.58
 43 44.29  6 56.17  11 51.15
 18 37.58  21 40.63  39 49.46
 7 37.68  13 46.74  16 49.58
 9 49.30  20 45.99  45 37.40
 37 43.37  12 48.98  42 37.08
 19 57.46  32 62.15  2 69.37
 14 50.66  34 54.20  27 42.28
 42 48.14  12 59.07  22 60.13
 36 60.23  31 51.05  19 48.17
 4 43.76  8 55.84  29 54.90
 37 50.98  42 44.74  12 38.88
 7 40.63  16 32.26  13 44.36
 18 57.96  1 45.81  14 47.09
 20 41.52  5 37.77  45 49.93
 44 54.53  33 54.21  40 42.36
 5 46.62  10 56.66  41 44.49
 1 42.07  14 54.24  34 49.88
 33 46.41  40 52.45  24 40.26
 38 46.64  3 42.72  41 54.92
 3 52.65  4 40.44  37 40.83
 27 61.35  31 49.12  36 55.45
 9 49.30  20 37.04  45 40.82
 14 50.66  34 55.64  27 62.94
 38 57.34  21 50.19  39 62.47
 44 58.70  33 46.41  22 49.74
 10 50.69  7 42.11  13 38.40
 16 49.58  13 37.21  7 40.63
 29 50.00  4 53.73  8 41.35
 11 55.29  37 62.39  42 67.71
 27 47.05  31 34.63  36 46.06
 27 47.05  36 40.42  31 34.63
 41 37.04  7 49.49  13 49.12
 15 59.10  18 46.64  30 52.11
 20 35.25  5 47.72  45 43.10
 4 52.06  28 64.54  8 57.07
 5 63.21  10 50.69  41 60.89
 38 50.21  3 39.41  41 51.94
 29 39.62  4 43.76  8 52.17
 3 46.03  5 39.98  38 52.58
 19 50.82  32 39.24  2 51.85
 18 48.90  14 45.90  34 58.53
 1 30.88  14 43.51  34 31.13
 40 53.71  24 42.63  26 41.03
 25 40.17  23 44.38  35 52.85
 33 58.89  40 48.67  24 46.19
 2 55.36  9 42.66  20 44.20
 37 47.17  42 43.04  3 34.45
 35 36.68  43 49.41  6 47.63
 20 54.94  45 52.21  5 42.19
 35 52.85  43 41.72  6 54.47
 19 40.85  32 50.02  2 53.61
 43 49.41  6 57.88  11 62.20
 5 47.72  41 40.02  29 34.92
 38 57.34  25 60.61  23 47.80
 31 65.32  19 52.48  32 55.00
 32 76.98  2 64.12  9 73.01
 6 61.30  11 62.20  3 49.34
 13 44.36  16 53.91  29 57.25
 18 44.37  30 45.47  39 57.26
 43 51.98  6 39.09  11 44.24
 17 51.71  15 38.80  26 42.53
 21 50.19  1 49.63  14 62.58
 22 41.57  33 52.65  44 54.53
 17 59.97  15 66.71  30 72.94
 21 46.37  1 33.37  39 44.26
 34 52.76  36 64.84  27 51.82
 13 50.31  16 43.09  29 37.27
 18 40.98  30 52.11  39 39.06
 21 75.05  1 61.98  14 66.15
 16 50.66  29 39.62  13 52.69
 29 34.92  4 48.00  8 46.04
 28 37.31  4 50.40  8 48.49
 16 45.25  29 50.20  4 37.11
 4 60.37  8 47.27  28 50.93
 38 50.21  29 44.32  4 37.11
 3 62.57  18 61.35  39 49.46
 19 59.13  32 52.71  2 65.87
 38 49.02  3 57.61  21 44.45
 40 51.19  24 47.37  26 38.03
 34 51.32  27 42.28  36 55.45
 13 56.27  16 43.09  29 52.55
 9 50.25  45 40.82  20 37.04
 18 46.64  30 55.43  39 59.87
 15 60.37  30 47.13  1 53.27
 33 49.53  40 56.23  24 62.79
 38 60.90  6 47.63  37 52.25
 43 51.98  6 39.09  11 38.71
 32 79.67  2 78.13  9 66.37
 35 48.00  43 60.00  6 61.30
 44 50.36  33 37.06  22 41.57
 26 42.53  17 55.84  15 42.61
 3 46.03  41 44.49  21 57.84
 3 41.07  6 54.47  38 41.89
 3 59.27  4 48.74  25 45.85
 11 52.53  6 39.09  37 42.10
 17 58.59  15 45.14  30 47.13
 45 52.21  5 51.04  10 38.76
 19 60.79  32 47.32  2 60.61
 37 57.32  42 45.59  12 59.07
 11 41.48  12 55.03  42 50.69
 23 61.48  43 75.05  35 72.62
 36 42.30  31 55.88  19 52.48
 31 47.19  19 60.79  32 50.02
 6 61.30  11 60.82  3 47.68
 38 52.58  3 47.68  6 61.30
 31 72.29  19 84.05  38 70.41
 36 55.45  31 57.81  19 69.09
 9 50.25  20 63.89  38 51.40
 16 61.49  29 47.85  4 53.73
 21 48.28  1 34.61  14 43.51
 38 56.15  29 46.68  4 60.37
 21 48.28  1 61.98  39 59.87
 21 40.63  1 38.34  39 52.06
 43 49.41  11 38.71  6 35.67
 43 69.92  6 56.17  11 60.00
 5 32.23  10 44.73  41 45.98
 32 39.24  2 43.09  9 53.09
 21 55.93  1 42.07  14 48.28
 7 70.15  13 56.27  16 65.82
 1 57.00  14 70.92  34 64.30
 38 44.26  8 35.02  23 48.94
 7 62.77  16 50.66  13 64.60
 38 53.77  45 49.93  20 63.89
 5 55.47  10 50.69  41 41.51
 38 52.58  44 44.10  33 38.62
 28 37.31  25 46.98  23 32.99
 18 44.37  21 40.63  39 54.66
 3 42.72  37 38.30  42 52.39
 30 43.81  18 57.96  39 52.06
 15 43.87  30 43.81  18 57.96
 8 65.84  28 70.60  25 80.00
 29 49.03  4 57.05  8 63.19
 28 55.47  25 41.30  23 47.80
 30 52.11  18 44.37  39 58.57
 32 54.06  2 51.85  9 39.82
 40 42.36  44 56.61  33 47.97
 5 54.36  41 40.02  10 44.73
 6 54.47  11 44.24  37 58.59
 38 39.51  13 51.50  16 53.91
 33 38.62  40 49.93  24 35.51
 20 50.47  45 52.21  5 37.77
 5 37.77  10 38.76  45 52.21
 12 51.00  22 54.93  42 40.48
 42 34.53  37 47.17  12 48.98
 6 44.22  11 45.62  3 31.14
 21 60.00  1 60.74  14 74.50
 30 35.52  18 50.03  39 46.86
 34 55.64  27 64.53  36 50.00
 44 44.10  33 57.33  22 58.64
 42 40.48  12 38.88  22 53.45
 33 62.00  40 47.41  24 59.23
 20 45.99  45 41.96  5 56.57
 23 61.48  35 54.65  43 46.85
 4 48.74  28 44.88  8 59.52
 20 68.37  45 77.28  10 62.62
 25 43.58  23 45.52  35 58.24
 15 32.46  30 47.13  18 44.37
 18 48.90  21 42.54  39 57.26
 38 38.32  1 47.05  14 53.05
 2 53.61  9 59.73  20 68.37
 6 47.63  11 62.20  37 62.39
 30 48.79  18 63.62  39 49.46
 36 50.67  31 65.53  27 53.41
 32 52.71  2 37.84  9 50.25
 31 50.08  19 40.85  32 35.19
 11 58.05  3 65.88  37 50.98
 11 62.20  6 57.88  42 47.29
 17 61.34  15 46.41  30 47.13
 3 39.41  42 50.69  37 35.76
 20 45.99  45 36.26  9 51.20
 25 37.90  35 52.85  28 44.88
 12 57.05  33 57.33  40 42.36
 16 59.33  13 44.36  7 45.06
 2 34.33  9 49.30  20 39.73
 21 36.80  1 32.12  14 47.09
 29 50.00  4 35.00  8 41.15
 35 48.00  43 62.00  6 63.01
 9 52.14  20 50.47  38 37.13
 17 35.20  15 50.22  38 49.02
 17 35.20  15 50.22  30 42.16
 30 42.16  18 46.64  39 57.26
 6 56.17  11 41.48  3 41.07
 1 50.78  14 57.81  34 42.67
 45 52.21  5 43.30  20 37.04
 1 60.74  14 50.66  34 45.55
 24 37.89  26 47.02  17 53.09
 23 51.22  35 58.24  43 43.01
 45 53.35  5 66.53  10 68.59
 18 44.37  21 36.80  39 52.06
 41 45.98  7 61.29  10 50.69
 35 47.46  43 39.16  6 54.47
 1 52.03  14 67.35  34 59.97
 4 43.76  28 47.90  8 32.57
 30 52.11  18 46.64  1 61.98
 12 59.17  22 43.80  44 54.53
 22 43.80  44 52.44  33 37.06
 45 50.00  5 65.42  10 62.62
 8 33.80  28 47.90  25 49.25
 41 38.00  7 31.29  13 46.74
 40 46.15  24 61.61  26 53.02
 21 59.75  1 54.51  39 44.26
 12 61.09  22 60.13  42 45.59
 30 50.45  18 44.37  39 59.87
 16 59.33  29 74.88  4 67.01
 43 40.44  11 56.01  6 44.22
 40 49.93  24 34.33  26 48.52
 28 53.54  25 39.03  23 54.64
 4 45.42  8 33.80  28 49.42
 28 49.42  25 40.17  8 33.80
 18 60.22  21 44.45  39 45.56
 23 35.27  35 51.05  43 41.72
 4 48.74  8 61.97  28 64.54
 24 46.19  26 62.01  17 48.96
 1 55.76  14 39.94  34 49.88
 44 52.44  33 47.97  40 63.80
 44 48.27  33 47.97  40 63.80
 11 55.29  37 39.42  3 47.68
 33 49.53  40 38.58  24 54.49
 12 69.17  42 53.24  22 64.58
 19 50.82  32 55.41  31 39.46
 45 49.93  5 46.62  10 62.62
 29 59.60  4 53.73  8 43.60
 37 54.78  42 39.63  12 38.78
 25 53.80  23 51.22  35 67.23
 15 45.14  18 44.37  30 60.40
 15 36.26  30 50.45  18 52.30
 4 50.40  8 53.39  28 37.31
 31 37.53  32 48.67  2 53.61
 8 53.39  28 37.31  25 41.30
 20 68.37  45 70.45  5 54.36
 29 52.55  4 68.68  8 58.29
 30 48.79  18 60.00  15 43.87
 8 59.52  4 50.40  28 43.36
 37 50.98  11 62.20  3 46.03
 21 52.10  1 35.85  14 49.47
 8 37.47  28 43.36  29 53.73
 38 57.34  3 41.07  29 52.55
 38 37.13  3 50.99  41 53.43
 27 43.87  36 36.67  31 52.98
 16 50.66  29 65.48  13 66.99
 6 64.71  11 48.38  3 55.96
 23 58.06  35 47.46  43 41.72
 21 54.02  1 63.22  39 46.86
 21 40.63  1 57.00  39 54.66
 20 41.52  45 57.91  10 50.69
 18 63.62  39 62.47  21 78.88
 32 33.84  2 43.09  9 50.25
 29 38.45  4 53.73  28 37.31
 31 53.95  32 43.28  19 37.53
 45 32.84  20 45.00  9 49.30
 2 48.35  9 47.40  20 63.89
 5 30.02  10 38.76  45 46.52
 16 43.09  29 59.60  4 53.73
 23 66.03  35 76.21  43 59.67
 1 44.56  14 28.02  34 32.57
 25 57.20  23 62.62  35 46.00
 11 51.15  42 34.53  37 35.76
 21 44.45  1 50.49  39 33.85
 45 50.00  5 33.34  10 38.76
 36 64.84  31 48.15  19 50.82
 6 47.63  11 51.15  3 34.45
 27 53.41  36 36.67  31 38.50
 23 59.20  25 42.44  35 54.65
 8 38.70  28 55.47  25 39.03
 21 75.05  1 58.25  14 63.77
 14 56.62  34 39.78  27 50.23
 12 43.93  22 54.19  44 60.78
 8 46.04  28 44.88  25 61.75
 2 46.60  9 52.14  20 35.25
 38 47.83  3 36.10  41 53.00
 36 64.84  19 52.48  31 69.39
 2 46.60  9 63.53  20 48.68
 27 55.00  36 55.45  31 38.50
 27 45.46  36 55.45  31 38.50
 37 49.71  42 60.90  12 43.93
 8 43.60  28 60.60  25 52.66
 42 47.29  12 43.83  22 60.87
 18 57.96  30 58.74  39 41.66
 30 60.40  18 52.30  1 43.32
 40 43.62  24 35.51  33 52.65
 38 40.70  6 57.88  37 50.98
 18 33.05  21 40.63  39 23.45
 3 64.23  37 47.95  42 65.15
 38 52.58  44 50.36  40 67.58
 29 34.92  28 44.88  8 52.17
 19 30.88  32 41.93  31 48.15
 10 44.73  41 59.40  7 42.11
 35 65.43  43 48.13  11 48.38
 36 64.84  31 47.53  19 49.16
 38 53.77  21 46.37  39 36.46
 23 60.34  35 49.26  43 43.01
 14 33.98  34 51.32  27 42.28
 11 55.00  3 52.65  37 70.00
 38 31.19  24 48.56  18 35.32
 40 63.80  44 52.44  33 46.41
 38 53.77  37 62.39  18 45.00
 23 34.13  35 43.87  25 51.53
 8 35.02  28 52.44  25 49.25
 16 49.58  4 57.05  29 39.62
 34 49.88  27 38.00  36 55.45
 9 42.66  20 37.04  45 54.49
 40 34.80  26 48.52  17 31.07
 22 51.96  44 54.53  33 37.06
 7 64.25  13 46.74  16 51.75
 27 56.59  36 46.06  31 63.60
 7 55.39  13 72.94  16 59.33
 11 69.10  37 61.12  42 51.54
 5 50.00  10 62.62  7 45.06
 16 31.17  29 37.27  4 48.74
 16 52.58  4 35.00  29 41.97
 25 59.48  23 61.48  35 43.87
 20 45.99  5 51.04  45 63.61
 36 64.84  31 47.19  27 64.53
 19 59.13  32 44.63  2 62.37
 42 60.05  12 48.98  22 42.31
 27 47.05  36 64.84  31 53.95
 15 38.80  30 55.38  18 37.58
 20 72.84  45 55.00  5 66.53
 17 51.71  15 42.61  30 33.86
 20 59.42  5 63.21  45 77.28
 2 41.34  9 38.87  20 56.73
 13 46.74  16 31.17  29 49.03
 16 55.00  29 43.15  4 37.11
 15 66.71  30 68.69  21 84.61
 33 62.00  40 57.49  44 44.10
 20 44.20  45 56.77  5 38.87
 8 31.35  28 38.83  25 49.25
 36 55.45  31 37.53  19 37.53
 27 37.51  36 55.45  31 47.19
 34 46.99  27 37.51  36 55.45
 42 55.80  22 57.90  44 39.93
 13 60.00  16 42.00  7 45.06
 7 46.53  13 34.83  16 52.83
 34 67.18  19 49.16  38 53.77
 41 56.42  7 40.63  13 58.65
 6 51.05  11 69.10  3 57.61
 12 59.07  44 41.00  22 58.64
 26 56.02  17 37.95  24 42.63
 38 49.02  14 37.56  34 55.64
 1 43.32  14 44.71  34 61.41
 9 39.82  20 45.99  45 57.91
 26 45.52  17 53.09  15 34.99
 2 64.12  20 45.99  9 50.25
 19 52.48  32 48.67  2 34.33
 43 44.29  6 52.76  11 34.57
 35 43.87  43 59.67  11 62.10
 37 40.83  12 59.07  42 52.39
 32 47.32  2 57.11  9 38.87
 3 42.72  41 55.00  38 36.76
 27 55.00  36 55.45  31 73.26
 6 33.97  11 48.38  37 52.25
 2 55.36  9 49.30  20 37.04
 8 55.64  28 37.31  25 45.85
 17 65.47  15 57.83  30 47.13
 24 60.42  26 45.52  17 42.08
 40 62.54  24 66.35  33 47.97
 18 64.75  39 59.87  21 46.37
 12 54.03  22 35.63  44 44.10
 37 52.25  42 39.63  12 33.83
 5 55.47  41 37.04  10 44.73
 37 57.32  42 43.04  12 38.88
 34 46.99  36 59.20  27 40.69
 38 58.53  18 40.00  39 46.86
 34 36.90  27 43.87  36 55.45
 26 51.52  17 69.60  15 51.00
 12 33.83  44 52.44  22 43.80
 21 55.93  1 65.71  14 47.09
 23 53.50  35 34.88  43 48.13
 16 52.83  4 37.11  8 55.84
 23 62.62  35 43.87  43 61.00
 22 37.86  44 56.61  12 48.98
 21 44.45  1 63.22  14 54.24
 21 44.45  1 63.22  39 54.66
 29 41.97  28 56.98  8 60.74
 16 70.16  29 51.38  4 57.05
 18 61.35  21 42.54  39 46.86
 40 53.71  24 46.19  26 65.01
 43 43.01  6 49.34  35 61.83
 40 38.58  24 56.86  26 38.03
 32 35.19  2 44.85  9 54.04
 19 50.51  32 68.00  2 69.37
 10 44.73  41 31.08  7 25.87
 23 56.92  43 69.92  35 51.05
 26 71.01  15 61.63  24 52.12
 18 57.96  21 48.28  39 39.06
 21 36.80  1 55.76  14 49.47
 34 55.64  27 47.05  36 36.67
 7 37.68  13 52.69  10 56.66
 16 53.91  4 40.44  29 34.92
 3 55.00  34 39.78  41 36.00
 40 63.80  24 67.54  26 48.52
 16 53.91  29 63.13  13 72.94
 35 56.44  43 40.44  6 37.38
 6 56.17  11 69.10  3 50.00
 11 55.29  37 48.44  3 67.54
 14 60.20  34 46.99  27 66.12
 12 54.03  22 34.89  44 48.27
 40 43.62  24 62.79  33 54.21
 18 70.00  39 58.57  30 50.81
 37 43.37  42 31.98  12 51.19
 41 48.96  7 52.44  13 68.18
 9 45.51  20 54.94  45 64.75
 41 38.53  39 28.65  3 48.00
 5 58.79  29 41.97  3 39.41
 23 35.27  35 54.65  43 50.70
 8 53.39  28 58.49  38 72.79
 12 51.00  22 37.12  44 31.59
 28 72.11  25 52.66  23 70.59
 10 50.69  41 60.89  7 70.15
 10 50.69  7 70.15  13 56.27
 40 57.49  24 40.26  26 38.03
 44 44.10  33 57.33  22 37.86
 28 46.39  23 45.52  25 65.00
 11 41.48  6 39.09  37 58.59
 31 58.77  32 39.24  19 49.16
 27 35.92  36 55.45  31 46.22
 26 74.01  17 54.46  24 62.79
 26 57.52  17 42.08  15 61.63
 45 55.00  10 74.56  5 57.68
 32 48.67  2 29.08  9 40.76
 14 64.00  34 71.51  27 83.61
 15 45.14  30 48.79  18 64.75
 40 47.41  44 67.03  33 49.53
 10 56.66  41 37.04  7 49.49
 7 52.44  13 40.78  16 60.41
 34 65.74  27 55.00  36 46.06
 36 46.06  31 62.63  19 65.77
 38 56.15  24 68.72  18 49.00
 12 48.98  44 44.10  22 63.84
 36 36.67  31 43.32  19 56.45
 12 40.90  22 32.66  44 52.44
 9 52.14  45 61.33  20 41.52
 1 49.54  14 48.28  34 29.69
 7 55.39  16 35.51  13 41.97
 26 62.01  17 42.08  15 42.61
 21 65.49  1 53.27  34 45.55
 27 61.35  36 46.06  31 41.39
 17 54.46  15 65.44  30 45.47
 26 38.03  17 58.00  15 46.41
 17 55.84  15 67.98  30 48.00
 12 55.03  42 66.01  22 46.02
 9 60.00  20 59.42  38 40.00
 45 47.65  5 36.66  10 56.66
 22 37.12  33 49.53  44 29.51
 41 50.45  13 70.56  7 52.44
 37 45.90  42 66.01  3 54.30
 43 50.70  6 30.55  11 48.38
 25 37.90  23 58.06  35 40.27
 3 60.92  25 54.93  38 40.70
 11 48.38  37 59.86  42 39.63
 23 32.99  43 53.26  35 49.26
 14 62.58  27 42.28  36 46.06
 26 50.02  17 29.70  15 31.19
 15 40.07  30 60.40  18 43.24
 26 42.53  17 55.84  15 62.90
 43 40.44  6 44.22  11 60.82
 35 58.24  43 44.29  6 64.71
 34 57.09  36 36.67  27 50.23
 28 37.31  23 53.50  35 33.08
 23 37.55  35 58.00  43 49.41
 8 59.52  28 53.95  25 39.03
 17 46.21  15 66.71  30 47.13
 27 53.41  36 32.91  31 42.36
 17 33.82  15 52.75  30 32.20
 8 55.84  23 35.27  25 49.25
 4 70.34  8 49.72  28 58.49
 9 71.11  20 50.47  45 55.63
 22 30.44  44 44.10  33 51.09
 28 61.52  25 76.51  8 55.84
 40 58.75  26 38.03  24 42.63
 38 37.13  41 57.91  39 39.06
 5 38.87  41 40.02  38 59.71
 19 29.22  32 40.58  2 50.10
 12 59.07  22 64.58  44 43.68
 15 51.49  30 43.81  18 64.75
 4 43.76  8 43.60  28 64.54
 35 54.65  43 58.39  6 37.38
 40 42.36  24 62.79  33 41.74
 13 51.50  16 57.16  29 36.10
 36 36.67  31 53.60  19 32.54
 6 54.47  11 41.48  3 62.57
 5 59.89  10 38.76  41 56.42
 30 50.45  18 38.71  39 59.87
 40 67.58  24 55.68  33 46.41
 4 37.11  8 58.29  28 47.90
 42 50.00  37 49.71  12 28.78
 1 53.27  14 74.50  34 64.30
 28 78.16  25 62.88  23 56.92
 21 44.45  1 65.71  39 52.06
 40 53.71  26 38.03  17 32.45
 45 40.82  5 62.11  10 50.69
 39 54.66  21 50.19  1 33.37
 8 31.35  28 47.90  25 52.66
 28 49.42  25 45.85  23 67.17
 4 37.11  8 49.72  29 58.43
 11 47.00  37 42.10  42 63.45
 24 63.98  17 46.21  15 42.61
 33 38.62  40 60.01  24 54.49
 28 47.90  25 65.00  8 43.60
 17 50.33  30 28.89  18 46.64
 45 35.12  5 56.57  10 38.76
 29 61.95  4 40.44  8 41.15
 44 64.95  33 43.30  22 56.42
 42 36.23  12 44.94  22 57.90
 35 58.24  43 37.88  6 59.59
 26 68.01  17 51.71  24 73.47
 26 68.01  17 46.21  15 67.98
 44 56.61  40 34.80  33 49.53
 42 47.29  12 69.17  44 56.61
 14 67.35  34 54.20  27 45.46
 19 37.53  32 59.45  31 40.43
 42 57.50  12 38.88  22 60.87
 27 47.05  31 54.91  36 32.91
 9 46.45  20 59.42  45 37.40
 22 66.07  44 46.19  33 68.24
 36 32.91  31 43.32  27 55.00
 5 57.68  41 35.55  10 50.69
 33 38.62  40 43.62  44 60.78
 3 52.65  21 65.49  5 43.30
 24 47.37  26 56.02  17 33.82
 29 37.27  4 53.73  8 59.52
 24 39.07  26 48.52  17 61.34
 45 52.21  5 55.47  10 74.56
 29 65.48  4 52.06  16 43.09
 20 50.47  5 63.21  45 40.82
 32 39.24  2 48.35  9 61.63
 40 51.19  26 38.03  24 60.42
 30 35.52  18 57.96  15 41.34
 16 44.17  29 66.65  4 53.73
 36 64.84  31 42.36  19 50.82
 36 46.06  31 61.67  19 39.19
 34 49.88  19 72.42  39 62.47
 17 61.34  15 38.80  30 58.74
 40 47.41  44 44.10  33 66.68
 38 41.89  3 41.07  37 63.66
 23 69.45  43 46.85  35 54.65
 40 42.36  24 60.42  26 65.01
 41 43.00  13 65.79  7 52.44
 32 72.93  2 50.10  19 52.48
 17 65.47  15 45.14  26 68.01
 34 32.57  27 40.69  36 55.45
 33 52.65  40 29.76  24 49.75
 29 70.18  4 62.03  8 47.27
 38 58.53  24 35.51  26 38.03
 1 34.61  27 53.41  14 57.81
 16 63.66  4 40.44  29 53.73
 41 63.87  13 49.12  7 40.63
 13 36.02  16 59.33  29 40.80
 15 33.73  30 57.08  18 52.30
 6 44.22  11 41.48  37 64.93
 43 76.33  6 64.71  35 52.85
 2 60.61  9 44.56  20 37.04
 37 39.56  12 59.07  42 35.38
 5 45.51  10 62.62  45 69.31
 23 39.83  43 43.01  35 63.63
 24 52.12  26 38.03  17 28.32
 16 65.82  29 51.38  13 41.97
 34 61.41  27 37.51  36 51.69
 18 46.64  30 60.40  39 36.46
 41 68.34  13 44.36  7 55.39
 28 47.90  23 61.48  8 37.47
 7 48.01  13 56.27  16 32.26
 27 51.82  36 36.67  31 60.70
 32 43.28  2 44.85  9 67.32
 1 55.76  14 31.60  27 42.28
 6 56.17  11 48.38  37 31.95
 41 44.49  37 68.73  3 62.57
 44 62.86  40 53.71  33 38.62
 26 53.02  17 58.59  24 34.33
 28 39.75  25 64.02  8 43.60
 5 45.51  10 50.69  41 69.83
 31 41.39  19 65.77  32 52.71
 24 41.44  17 48.96  18 65.88
 45 44.24  5 63.21  10 38.76
 13 34.83  16 59.33  29 44.32
 16 44.17  4 68.68  8 47.27
 35 38.47  43 54.54  6 63.01
 30 47.13  18 61.35  21 36.80
 26 38.03  17 62.72  15 47.68
 43 43.01  11 33.19  6 57.88
 7 45.06  13 44.36  16 69.07
 37 37.03  42 61.75  3 39.41
 11 38.71  37 54.78  42 63.45
 14 57.81  34 39.78  27 64.53
 22 63.84  40 58.75  24 39.07
 34 25.36  27 50.23  36 36.67
 40 38.58  26 63.51  33 58.89
 43 60.95  11 38.71  37 63.66
 34 68.62  27 80.43  36 55.45
 22 62.35  44 73.29  33 52.00
 40 68.84  24 50.00  33 69.80
 22 55.00  44 54.53  33 71.36
 22 65.32  44 45.76  33 52.65
 33 52.00  40 63.80  24 60.42
 33 51.94  40 60.01  24 62.79
 44 62.86  40 40.00  33 63.56
 44 60.78  33 54.21  40 38.00
 44 44.10  33 46.06  40 52.00
 22 40.09  33 60.24  44 49.00
 44 67.03  33 47.47  40 42.36
 44 42.02  40 60.01  33 47.26
