45位专家根据标准分权重情况(顺序)
0.0195916
0.0189495
0.027339
0.0331779
0.013955
0.0266753
0.0267763
0.018976
0.0148532
0.0203765
0.021376
0.0225725
0.0203369
0.0260126
0.0252979
0.0219242
0.0188548
0.0238679
0.0315638
0.0188928
0.0195353
0.0159837
0.0228937
0.0198728
0.0223105
0.0173048
0.0196417
0.0279678
0.0210815
0.0118646
0.0188833
0.0289482
0.0219053
0.0365604
0.0279036
0.0229013
0.0157444
0.0261792
0.015384
0.0234483
0.0263656
0.0152435
0.0225745
0.022772
0.0253604
1046个作品根据标准分加权后情况(顺序)
66.4755
71.633
58.1367
67.6202
57.2354
74.9355
72.2415
63.2824
63.7813
58.8228
54.9753
63.7873
62.4955
69.693
53.596
66.5787
59.8827
65.2055
68.5635
59.5791
56.5133
61.4589
61.1096
77.9572
53.9596
66.0175
64.2046
58.5943
58.3145
65.2681
69.4847
71.9179
67.1734
73.9148
61.4466
63.3591
67.9532
64.658
63.452
71.9662
63.0816
72.938
54.5939
53.9006
70.4681
69.6679
75.0231
62.4144
59.7224
57.5556
59.7658
65.8227
63.4143
69.3074
67.0332
61.1046
54.4695
62.2424
62.1493
58.9703
61.6702
54.0983
59.9649
63.7205
69.8894
61.0925
56.9006
54.5285
55.5369
60.5924
63.023
63.023
57.889
70.0364
64.6151
60.1187
52.0296
67.8858
69.4573
66.1769
71.213
62.9787
57.0613
53.8335
60.1068
53.9259
73.6405
65.7135
57.1069
71.2824
55.0084
62.3713
61.3043
73.5209
62.4748
56.541
61.8753
60.1366
60.8921
68.3754
59.9049
64.8067
58.7787
64.188
63.3746
77.9123
68.9706
65.4544
60.8054
61.3154
77.2569
70.871
68.0287
57.2188
63.1204
69.1532
59.961
62.8339
54.7395
60.9787
61.4639
66.0239
72.0768
52.0826
79.6578
64.0068
63.2084
59.6926
50.2064
63.438
73.9279
49.9027
57.6804
56.836
63.9135
64.8309
49.5021
68.8022
54.5125
55.8119
61.9605
50.8768
71.3879
68.8871
53.8083
68.5751
52.6824
50.2924
63.0043
73.816
63.5163
58.9708
62.1864
52.9036
62.9264
53.8871
59.4112
70.1551
67.9861
57.4903
71.398
62.198
58.7215
70.0832
55.2827
72.37
72.9202
64.1367
66.8544
72.7616
58.836
72.5439
58.8035
66.2619
63.9896
73.386
61.9946
68.6915
62.3211
78.013
66.4351
70.1594
57.3576
62.595
66.0578
60.1813
67.6927
61.0241
49.6998
58.605
58.8409
73.8978
71.1282
58.9615
60.7888
70.9442
57.9165
49.0373
62.482
73.6906
68.4236
58.5145
64.129
79.0879
53.8657
60.6486
64.0294
70.2186
68.5125
61.151
70.6447
70.4037
77.4559
78.646
51.8868
63.1497
48.6531
61.6069
69.5667
60.6468
67.4928
71.8049
66.5218
67.2396
59.6548
68.4693
66.8211
68.8912
67.0102
64.3752
56.9183
69.555
62.9562
60.0087
56.8294
55.711
63.3451
62.4037
61.6063
65.6095
61.3093
62.9097
61.2468
60.7995
72.1468
69.7367
63.1916
71.2883
74.9241
64.1558
65.0151
56.5071
66.0603
60.4044
66.5819
61.7097
72.2123
56.4696
67.2656
58.5903
57.5758
67.6763
56.1558
58.2121
66.8512
64.923
59.1327
55.3314
58.3675
65.9165
60.1718
58.0697
63.4874
61.5032
55.0338
61.6053
51.318
74.7279
62.3753
53.7043
59.1309
67.2172
56.2505
59.0705
63.108
59.1056
67.0652
59.9883
52.6572
63.4584
55.8221
66.8944
74.5938
61.2851
59.6869
76.6728
54.0379
70.2807
70.1431
64.4327
69.5722
63.775
59.7802
69.047
51.081
65.7009
62.6112
65.7469
64.7029
61.3063
66.0343
63.2091
66.267
61.4291
54.9478
61.8195
57.0791
55.3715
59.358
57.5108
57.3169
59.7205
60.2468
70.3982
65.4769
59.4563
70.5623
62.9993
65.8899
69.5569
61.3675
62.3636
69.6675
69.0155
56.1172
66.6367
53.424
65.2568
58.0319
53.2713
61.9325
62.1251
50.3642
70.3607
66.4784
68.7003
63.3703
61.5526
62.7927
59.6235
57.2845
66.7079
60.2338
61.6079
64.2922
58.4156
66.5803
66.0791
60.6198
62.5293
69.9203
68.6282
55.2098
66.6562
73.4189
63.2811
55.7338
57.143
69.3949
65.0444
70.3675
60.2727
74.0383
62.6267
62.2241
51.106
69.9399
57.7762
58.1955
58.0054
65.0112
56.3674
72.7214
63.9642
68.7728
60.6915
58.6084
65.005
61.9499
65.4823
70.5851
67.1909
57.361
57.3143
66.2296
61.1069
61.6338
59.049
63.2465
74.1774
69.0088
65.2978
62.6894
61.8305
69.1209
62.6998
65.1619
62.2253
57.5014
57.5709
75.393
69.3386
63.4369
59.8855
70.5241
58.7219
59.7418
65.4091
58.3909
63.5306
59.1671
65.6825
55.4216
63.6438
66.6452
66.1073
59.4358
66.9582
62.3135
59.699
62.3838
67.3225
82.2616
72.177
58.0339
63.7284
65.0051
57.8757
59.6162
68.4344
70.5891
60.8899
70.9539
59.2369
60.9357
63.3679
56.187
60.8121
51.8188
54.5458
73.0468
62.3186
70.4484
69.3376
65.5122
54.6565
55.9176
63.3479
55.1637
66.2465
63.6969
62.8899
64.2741
63.684
62.1397
68.4629
49.9096
65.8691
66.5723
67.6818
58.2874
59.2312
64.1996
73.4933
59.1098
57.9913
61.6635
64.3909
52.4352
71.089
70.2452
63.3225
60.9927
63.3883
62.88
63.2771
52.1101
61.912
60.2304
67.4057
56.907
57.162
59.8619
61.8626
62.7442
63.6496
67.4454
57.5009
66.6548
70.2045
80.1275
69.9848
65.4683
61.6548
59.9954
60.064
60.2882
65.477
78
57.54
68.109
57.9545
56.969
73.2048
61.6851
63.076
62.7338
60.2469
68.1231
58.9764
73.0765
70.417
63.2606
61.8788
64.7094
63.8865
50.1609
64.5832
68.3376
71.813
64.2753
58.7847
81.809
66.4315
61.1151
62.2193
63.2264
60.3946
65.8158
59.1091
64.9028
58.6904
68.6415
64.8397
62.8031
78.2946
67.4687
67.7047
69.3386
66.0268
84.418
74.4724
64.8592
68.3652
54.802
66.9023
69.5513
59.5958
57.39
66.1286
57.7853
58.616
59.4035
76.4651
74.6332
57.8549
72.1419
64.7902
62.9889
62.0848
55.497
59.6698
60.4909
65.822
62.3556
80.8036
69.2518
62.6265
62.8842
61.8866
65.2946
60.646
64.0702
61.0116
60.6572
59.2808
55.885
62.4622
54.5738
59.0551
70.3012
60.1891
66.6771
70.7436
56.8332
71.0693
57.8124
67.7228
66.1966
77.632
62.6041
54.3208
62.1495
58.7177
71.3013
67.494
68.2511
68.3619
61.6132
59.6369
71.858
67.1128
66.0276
58.4909
51.8923
60.7179
66.551
65.0204
52.7722
53.5991
57.8725
66.7082
55.3835
61.7985
60.3518
62.1244
62.857
63.284
55.6109
64.1819
62.0751
64.7522
70.9223
58.4818
66.1748
61.0741
71.3947
60.442
65.7309
70.703
62.281
63.8834
59.8272
61.8723
67.1196
66.1585
70.4376
62.953
77.6382
65.2131
59.8843
66.1873
61.442
57.6538
64.1867
58.5549
71.2081
66.6367
61.7137
70.4773
69.8088
62.377
64.6474
78.1267
64.8752
63.7328
66.7907
49.6164
68.8248
60.0212
58.6907
63.6811
61.4571
59.1293
76.3393
72.2501
68.805
66.2616
67.7633
57.6992
61.2869
64.9689
62.4434
62.447
72.8599
69.3076
64.0348
68.1637
65.5513
59.0387
74.7882
56.0607
60.753
61.9808
58.0935
64.7655
52.1243
66.2401
76.6112
51.0622
66.3833
54.6013
62.4714
57.9239
68.7255
61.6221
59.7543
65.2933
60.043
71.5038
60.6482
66.2642
65.3032
54.3424
64.623
74.8196
63.1027
63.8023
61.8838
61.8772
69.0433
59.9731
65.5033
63.6484
61.8823
59.8913
49.3292
69.1547
70.0879
60.087
58.599
63.2819
67.2383
65.4632
59.6116
65.3468
56.9997
66.4912
52.6755
70.1557
60.3569
58.5554
61.3127
64.1336
61.7642
53.2993
56.2132
65.5548
68.4286
70.2507
74.8052
71.7438
63.5072
56.5104
61.6079
68.2072
64.8917
70.3518
67.7542
63.0892
68.9863
56.1853
71.0143
60.6222
77.6256
57.9221
56.5122
61.1767
74.6645
70.3132
58.9912
56.8561
60.8898
63.0517
62.578
68.7257
65.8308
61.1462
69.3217
66.3559
71.0926
68.1505
61.6453
59.7784
64.1554
57.029
59.699
61.677
63.4426
58.9805
69.8682
63.2951
60.2493
61.727
74.8692
58.8238
56.0118
63.1579
71.1018
65.813
74.1887
69.0216
60.4587
51.1357
60.0072
55.5571
63.6536
60.2342
60.3359
65.3301
57.4496
64.7187
61.6629
64.0336
71.2911
61.6281
64.7138
68.0651
67.1883
72.3686
64.5221
67.4624
63.8079
60.6334
57.7708
71.6576
52.4617
71.2522
71.8556
62.7308
60.1123
63.9458
62.2228
59.8228
61.8676
73.317
74.8379
59.7175
68.1652
71.1304
66.21
60.9407
69.2256
72.93
62.1098
69.6913
64.3075
62.2039
63.1043
61.4693
73.8261
57.6479
76.1375
71.9464
70.3456
61.8459
63.3659
67.6349
59.6369
64.8591
62.4245
75.4187
68.1415
66.0854
56.3523
72.9174
65.6998
68.6642
62.4952
66.3935
69.8702
73.3378
66.0527
68.5222
65.7671
56.1166
59.9848
56.5081
60.1597
62.8118
64.6209
64.1395
70.907
64.4502
71.2996
69.0754
64.7917
59.0722
58.669
70.6036
69.573
58.6952
60.7061
64.4625
61.2443
60.3197
64.5122
54.0934
57.972
68.8054
61.8837
66.4889
64.9046
60.1981
65.2084
64.2973
69.5509
60.2383
59.6476
60.103
72.8267
66.0618
59.2865
76.1255
62.8882
60.4156
62.7269
57.842
70.6068
67.1892
66.4133
63.4522
66.1795
62.4423
63.4276
67.2174
64.8952
60.6184
72.5487
63.7592
55.5556
74.8676
76.656
68.2195
60.398
60.1933
60.5145
60.2456
67.6361
63.2681
64.7777
67.8582
68.4079
69.1066
60.1045
53.4865
63.2239
70.4572
59.7165
63.9887
76.7023
73.0911
63.5509
70.7065
67.226
63.0264
65.4709
62.9557
55.8595
76.2817
60.8655
61.7112
64.378
66.559
62.0545
64.6898
64.7576
69.8664
67.1882
60.438
61.6523
65.4845
60.5545
68.1882
67.1808
66.1952
72.6267
64.8006
68.5243
61.4168
69.9069
67.915
67.7024
72.1464
69.9768
58.4527
61.584
72.4239
59.006
62.2975
66.8404
65.9358
60.292
58.6393
62.1253
72.7187
55.6813
57.3091
70.7216
62.7728
58.4211
66.9694
66.6208
59.8623
69.5493
65.561
60.8026
66.5051
63.8525
56.5238
60.3109
70.4583
67.4658
63.5925
61.3611
69.1729
68.1996
69.4943
58.2881
60.9694
68.3824
64.5056
60.7915
64.5551
59.4913
67.8785
62.1583
65.3351
63.1148
72.1422
54.7365
65.38
66.3449
76.2149
75.15
73.6803
67.9659
70.5302
70.0023
69.5332
65.7267
63.4631
66.5452
64.0563
61.4997
63.9149
