47.8226
55.0239
44.6009
54.2011
41.1363
67.8401
61.7184
40.7776
48.1322
44.8173
37.4354
45.3307
47.7771
56.6266
35.4781
39.7733
45.1408
51.2727
49.8567
45.5233
29.3071
45.314
36.2115
72.1745
20.7005
52.7561
45.0096
34.1912
44.6219
53.9204
61.3448
64.3534
55.3702
68.1508
40.1488
43.3042
48.2749
42.7782
45.7229
74.1911
39.1366
64.3802
36.7362
20.6156
59.7814
53.5994
66.9351
52.1003
44.2106
35.6597
46.08
45.783
39.9702
58.0423
50.0977
40.5124
37.5028
49.2605
43.7377
40.4396
40.1788
35.2986
35.884
46.4392
51.8837
40.8608
30.9602
26.3425
28.5445
44.5566
45.852
45.8517
36.3742
55.615
44.2552
37.8596
37.3825
55.072
54.1887
49.1398
61.6232
42.8118
41.1083
39.1796
45.131
35.3236
59.3627
43.8477
37.3279
59.5062
32.85
43.3788
37.7449
55.1817
40.8238
40.5155
42.1777
38.5626
37.8823
51.4361
44.186
45.926
33.0621
52.9403
48.1812
77.6089
51.5866
41.9526
46.1664
44.2775
74.8701
59.1522
51.7338
43.3985
48.6039
56.637
47.3328
45.5174
38.7812
38.9571
44.9796
47.1087
62.9708
37.6715
89.1983
45.5058
39.2204
38.7932
23.7556
39.7205
64.9291
26.9242
31.656
39.3472
50.0974
42.8743
33.8276
52.9582
24.0113
36.9793
46.1195
29.7785
57.7507
54.8258
34.0343
51.3119
36.9013
33.7309
49.0901
61.974
44.8333
34.3995
49.5431
18.7665
43.2603
30.8796
45.1286
56.9389
48.2923
36.128
60.682
43.9887
34.0964
61.2129
32.6196
56.2896
57.702
45.2714
46.6267
69.8324
42.6214
63.3488
43.5677
52.3654
48.3121
66.7296
41.0713
51.1551
42.799
71.1669
51.2658
53.4922
36.2206
48.9953
49.0141
44.7097
49.1208
38.986
30.4777
36.7285
39.1547
72.5126
70.2626
34.0115
36.9862
60.6699
32.8401
25.1866
46.7094
60.6249
56.9106
38.0513
45.0895
78.9091
29.7979
37.6932
43.952
59.9447
55.138
39.7333
57.5997
58.3673
77.7055
71.9181
29.7189
50.3851
30.7903
40.8797
55.626
37.5176
47.3571
56.7648
57.0849
53.639
39.1932
56.7335
53.0517
56.3944
50.9476
49.406
39.8918
62.4583
42.8458
43.5902
41.4563
28.8263
44.3961
47.209
45.371
45.1269
49.1165
44.5241
43.8094
42.8297
59.6649
60.2078
50.4004
54.5754
69.006
46.5581
53.8453
39.7347
49.3594
38.6332
49.6021
40.723
63.5533
40.4354
52.5909
35.2467
37.2131
51.4198
37.4666
26.8822
68.687
46.8466
35.1784
42.0881
38.2063
50.9636
40.6579
41.1674
50.3472
49.0066
31.3432
47.3045
19.9329
58.2277
51.4888
32.9777
39.6017
53.8955
29.6988
41.8818
46.826
36.0445
47.3955
40.0037
25.8994
40.0341
39.5734
44.3515
63.4288
38.9399
38.3672
64.1062
38.0009
57.6039
63.1851
47.4439
58.1232
43.42
39.0854
53.8266
30.1253
48.9242
42.5541
47.5325
46.7502
49.0638
49.7868
49.6421
52.0062
41.671
30.0378
44.185
43.2103
40.6371
32.5453
34.5222
37.0754
38.4333
40.7898
53.6685
53.4035
38.7158
53.53
39.0313
48.1752
54.8363
47.6888
37.74
53.742
52.8695
29.7286
45.3217
31.1427
45.3971
41.8562
12.9034
46.8105
41.085
24.917
53.3897
54.4924
50.249
50.8911
46.0027
42.2855
42.3188
27.4491
54.9434
44.9102
41.1255
48.2496
42.5784
47.8526
47.384
38.2186
38.4294
53.6795
50.7696
33.5008
53.6555
64.3036
43.942
27.2351
27.4473
57.7198
50.8485
60.7
36.6186
66.5235
47.1341
37.2352
14.1943
62.3756
46.2491
33.7033
43.1198
50.1396
40.1706
59.1158
53.0678
49.29
37.8717
40.7135
42.5097
42.7311
56.2096
57.1344
53.5946
45.3392
41.5903
52.8594
39.5508
36.4934
41.283
41.7438
78.2421
53.8296
43.0428
44.6731
48.2992
54.0117
51.7612
52.2525
40.4735
33.2185
44.5508
66.3362
52.4935
46.6844
48.6335
58.2797
37.9329
33.068
47.1548
36.6458
42.7436
40.553
45.9206
29.1554
53.4545
58.1038
51.3143
36.981
51.8361
41.0714
41.4543
37.3482
48.4524
100
57.7113
34.635
28.6172
46.3842
34.1765
45.7206
54.7729
63.6399
37.1961
54.5472
46.1573
36.6852
43.3751
37.9538
42.3477
37.1892
39.5668
57.7506
46.201
59.3515
52.1103
47.556
42.0707
33.5955
50.3803
36.8818
48.2303
47.6514
48.6098
41.5069
46.1125
39.9302
52.159
33.7369
53.7501
54.8976
49.9909
39.3555
38.9524
44.1681
63.5428
34.9049
30.7308
42.4384
52.8823
35.885
55.1983
60.0289
44.8278
39.1931
44.5752
40.9826
50.8218
29.8051
39.7232
40.1016
48.7224
41.3035
36.384
36.243
46.5342
41.9338
42.5945
50.9367
35.7037
52.3675
53.0186
73.5255
55.205
48.1983
49.4642
37.6548
39.5382
51.0315
47.7614
76.1552
36.4418
57.6524
37.0282
43.527
69.4416
42.9662
36.2127
40.1033
37.6827
49.852
36.6483
62.125
53.4712
46.3862
39.214
48.8287
46.8125
34.2882
55.2676
55.9168
54.502
49.901
34.6626
80.2801
50.1557
37.9418
43.2472
44.3392
40.8692
46.9389
39.3736
50.4435
44.1642
50.2122
53.3882
48.1276
73.1945
46.116
45.871
53.8502
50.4917
85.6187
59.1854
52.7155
52.192
35.1336
51.8723
57.7934
40.3389
31.6485
58.2768
35.906
39.3966
44.2116
67.8836
69.5291
39.6585
60.7097
53.1666
48.0785
39.4313
28.6384
43.4355
41.7585
52.8334
47.7813
74.3507
54.4464
42.0947
52.477
42.3594
45.9652
44.5142
47.2831
45.3018
33.141
42.3779
37.4381
49.7993
39.8346
32.8545
65.3675
44.1791
55.1232
53.754
44.0489
55.3085
45.259
50.592
47.1085
71.689
44.1859
37.1237
47.1663
44.5025
59.3057
54.3352
56.3049
54.082
41.5142
34.2785
58.2962
53.2571
52.1331
38.1503
37.6548
36.0048
51.8921
48.4276
33.7131
29.4677
33.7893
51.5341
41.6228
43.4297
41.1501
49.2051
40.6713
51.4574
38.551
54.7417
40.3312
46.3437
64.8442
40.9442
51.6466
38.4842
62.4486
33.0616
55.1636
53.7545
40.0147
59.8665
34.2522
33.4919
50.5498
52.1549
58.9604
52.3378
72.661
39.8002
37.7722
43.1624
35.5612
29.838
48.3858
35.9952
55.6688
49.4907
50.0358
53.5652
51.9624
44.5073
43.2862
70.5524
41.2329
50.8891
49.1786
40.9836
53.862
48.6891
44.2996
42.3219
39.5394
35.446
66.5303
59.6957
50.5636
47.3178
51.1675
40.0209
38.1897
47.1713
45.2887
37.3433
60.5962
53.1801
44.386
55.3614
50.5951
44.2483
71.6818
35.5603
35.278
38.754
34.4579
49.9366
29.6008
49.2212
67.6867
32.1253
51.6992
33.8285
40.6542
33.7933
54.0949
39.0649
33.4527
47.7436
35.3711
65.6455
45.8122
54.524
44.4546
38.0272
42.77
64.9652
49.5112
45.3872
41.9993
51.4106
45.8612
52.6905
54.5935
51.7979
38.3957
44.489
16.3108
61.5611
57.8223
36.7343
32.3112
47.6003
48.512
53.31
42.0942
46.5259
38.6434
58.33
29.6582
52.8002
51.2013
36.8439
37.0952
45.1853
46.8493
36.6923
30.5696
44.8022
53.4697
51.8934
66.4104
61.0673
53.2601
29.5147
36.0957
51.3721
50.8964
57.4636
49.3271
52.4346
54.3351
40.6292
69.0645
41.2378
70.4726
40.3814
34.8105
39.1245
82.3937
54.537
41.7651
27.3696
40.1797
43.1313
45.6188
53.0889
47.857
41.8223
55.2698
51.4697
58.7803
55.2618
40.4171
46.482
49.9555
41.3548
39.782
48.5808
38.6989
33.71
51.2648
50.3521
41.1976
42.0124
60.9179
39.839
40.9423
38.7729
59.2792
45.0891
58.1263
56.5436
43.8838
37.5479
43.7562
43.7574
48.6847
48.3121
44.0763
57.0248
42.3013
55.2295
40.3781
45.3115
52.9769
47.6465
52.5488
54.9512
48.6766
59.2372
48.7054
52.7705
44.3228
37.6444
38.8578
57.7659
24.5035
57.332
62.3544
46.2629
44.5305
42.0021
46.7659
36.3388
42.5353
58.7822
64.215
36.6721
56.9268
56.7795
55.1566
45.1847
51.3635
64.2742
37.8586
57.1324
50.5777
36.5158
44.6372
41.9098
60.3757
37.9727
62.6371
61.7724
58.4163
38.8213
44.3323
47.3337
40.9764
43.3242
42.1105
65.7664
53.3887
63.5253
30.7569
77.797
53.2301
52.8794
45.8555
50.1019
53.4555
55.1063
57.2701
54.5927
38.3947
40.0128
46.1655
42.6001
40.7881
46.8255
53.0181
43.8271
57.509
43.7818
60.4452
59.7245
50.3384
42.9733
32.9526
58.924
56.3556
35.8805
39.7625
48.5968
45.5581
39.9186
46.935
27.1768
45.8708
52.5654
42.0862
48.4373
43.7021
35.8504
43.5922
44.4668
55.2731
33.0383
37.5054
42.4991
58.6917
56.2453
37.2633
61.2732
40.5766
44.3017
44.0865
32.7607
59.1924
54.2401
45.6407
44.3503
44.7079
43.7989
34.8921
49.8661
51.5155
49.8556
54.81
42.0789
39.6498
68.7565
63.9744
55.1694
35.8299
49.7828
42.4565
34.7036
49.2442
43.2531
49.4398
50.0235
47.2332
45.9229
39.9383
39.968
42.7313
53.8817
46.6321
44.0561
66.6632
63.7422
43.4142
59.4498
53.2983
38.8072
55.4685
37.2785
42.5491
64.2355
34.3397
46.6062
43.4614
50.486
40.8063
46.4085
45.1627
61.0638
50.8887
49.8922
45.2572
45.2057
43.3893
52.6306
51.5712
46.5446
62.413
53.0858
52.4794
45.5051
53.6797
54.0052
53.4933
53.446
60.6718
41.2597
38.5752
59.334
35.2853
43.8255
49.3005
50.3876
39.5749
45.7032
45.2121
60.3001
40.6691
41.7208
57.838
43.8871
29.7069
49.8013
48.898
48.266
55.7891
45.8252
43.0446
44.0416
48.0149
40.5543
39.1168
58.3559
48.669
44.0841
42.2856
55.3213
45.8597
51.2231
46.7951
40.6396
53.0153
44.8115
44.7246
46.3378
34.3576
52.5974
44.3439
50.6278
51.1043
55.102
29.3177
51.171
48.9618
71.2178
65.2124
65.6434
63.8805
55.1473
58.092
57.4082
54.9894
48.7523
44.3402
48.6832
49.7172
47.6137
