48.1825
57.6904
43.8622
52.8503
40.4508
67.8407
61.0732
39.0144
48.774
44.8167
36.879
44.889
49.3455
56.6276
34.9012
50.3483
42.7881
50.8732
49.8531
43.1822
28.7296
45.2207
34.7834
70.9836
21.863
52.7575
45.2547
37.4445
43.9302
53.477
57.0453
64.4559
54.1407
65.8273
42.6375
45.2332
48.2749
41.0893
46.4622
60.7004
39.1341
64.8164
36.1292
21.8227
56.9837
52.1039
66.121
42.9074
44.2091
35.144
46.0799
48.6892
44.6034
59.19
51.6654
49.3186
37.4949
49.5529
45.507
38.8984
40.1841
33.5052
35.3702
47.0472
51.8113
40.4801
31.5714
28.2192
30.7108
41.3447
45.8513
45.8512
36.3721
56.9596
44.8737
37.0975
37.9739
55.5093
54.1877
48.6638
60.9815
42.8114
41.1053
39.691
44.4907
35.9046
61.1503
43.8462
39.4305
59.9827
38.5861
44.1843
37.7445
55.185
40.8247
38.9698
42.5859
38.5634
42.4029
54.3055
44.5258
45.1029
34.3901
47.3477
47.7416
77.6181
54.9469
49.4301
46.4814
42.5268
74.8621
59.1482
53.1686
42.6004
48.2041
56.0559
47.5162
45.3465
38.7814
38.96
45.7184
47.5758
62.3063
37.3882
89.1849
45.6645
39.2188
39.6287
24.9056
44.6033
64.9346
26.75
31.3112
41.3482
51.4433
41.1864
33.5532
53.4328
24.0134
39.4447
44.0979
29.1918
57.1489
55.4435
31.6446
51.314
37.4373
32.985
49.3573
60.3742
44.8349
35.917
50.6204
37.3674
43.5995
30.8787
45.3803
56.9411
48.2899
36.6913
61.171
43.9949
33.63
56.2893
44.474
56.1342
54.8952
47.1585
46.6264
65.0584
44.3508
63.8252
43.5655
52.6338
49.039
66.7265
41.0679
51.1964
42.2924
71.1684
51.2625
55.4696
36.2156
48.1516
48.0822
44.1139
51.7856
38.3833
30.4751
37.6626
38.6395
60.6766
58.6335
34.437
35.0152
60.6679
34.7851
25.1853
46.2652
59.1338
56.906
37.2552
47.2664
80.109
31.2605
38.8873
47.1084
56.8155
55.1399
40.5806
57.6022
58.3695
78.8067
72.7783
32.8751
47.7702
30.0195
40.8812
55.6304
37.7038
50.8687
58.7247
48.7776
54.1636
39.1909
56.2715
53.7009
56.4011
50.95
48.8889
39.8899
62.512
44.7891
45.4485
41.8341
31.1315
43.9937
45.2085
44.3126
49.4344
48.7609
45.3601
43.8097
43.7257
56.8477
61.1113
52.0732
54.5335
69.0102
47.2039
53.8435
40.1769
49.3597
37.7463
49.8737
40.7191
63.6301
39.9383
53.0648
36.3859
38.0807
52.1465
37.4654
33.4012
52.8338
46.8478
35.1792
42.3499
37.7846
50.0054
40.6574
40.6648
47.961
49.2339
31.3423
47.6762
19.9208
58.2266
49.2166
33.6659
40.0852
54.2418
39.6308
39.8957
47.2685
37.4398
51.1411
40.0089
25.0964
40.0317
39.5726
52.8335
60.4448
38.982
37.8633
66.9884
35.7964
57.0586
57.9236
47.4407
56.235
43.4233
38.9872
53.8314
29.406
48.9237
42.5571
48.8199
46.1208
49.2873
50.9279
49.8033
52.1704
42.038
31.3105
43.8863
43.5784
41.0213
32.5502
34.0629
37.0792
39.5191
40.9751
55.5771
53.6995
40.7188
53.5876
39.0304
48.183
50.6062
45.3685
37.7382
56.9315
56.2728
32.052
43.7021
31.7282
45.4036
42.3212
12.9106
44.4906
42.139
24.4972
53.5989
53.6367
49.7221
48.7546
44.398
43.0808
44.6457
27.4517
55.0485
44.9113
40.2323
48.8681
42.1975
48.3748
46.749
41.1327
38.4283
53.6816
48.0908
33.4929
52.3283
61.5388
43.1537
26.8077
26.8076
57.874
52.4948
59.0999
37.0104
66.6973
46.7482
37.2348
14.2013
55.8873
46.53
34.1199
40.512
50.8652
40.1683
62.0987
53.1981
47.7245
37.8748
42.9774
42.5096
43.3673
56.1401
54.5834
53.7422
45.4806
41.8329
50.8847
42.373
36.4881
41.284
45.652
64.6014
53.2628
43.0433
44.6744
48.2976
55.3105
51.7639
54.4208
40.4711
34.4643
41.8256
65.2554
54.8309
47.3886
48.3319
56.188
37.9318
33.0653
49.4387
36.2744
42.3797
39.8607
45.9197
29.1612
52.0717
58.1711
50.7426
36.9804
52.1777
41.0681
41.4534
37.3418
48.4582
84.5615
56.5669
34.6333
46.4397
46.249
34.1724
43.5674
52.0599
57.4305
38.9662
54.5464
45.6498
36.6828
42.5817
37.6139
42.3479
36.3148
39.8733
57.7522
48.1634
58.6997
53.3108
49.8443
42.4074
33.5897
49.3967
36.8776
51.1912
48.4198
49.0023
45.7234
46.592
43.4947
50.5264
32.7468
54.7475
54.8954
53.7998
39.3551
38.954
45.515
62.7604
35.1086
31.9765
43.4777
50.0127
35.8844
57.3563
60.3657
45.3992
41.7368
44.5756
40.9805
49.9682
30.7164
39.9514
40.0077
50.8846
40.8629
37.1115
36.2476
46.5343
41.9357
42.5916
49.7308
36.8232
51.5026
51.8289
70.3309
53.9635
48.1998
47.3237
37.098
39.5377
41.8489
50.6069
76.1558
37.0945
55.2388
37.0256
40.7516
69.5397
42.9708
43.7857
43.5428
40.9502
51.6802
40.0028
60.4081
53.4703
46.3848
39.4858
48.093
46.8079
33.2566
52.0494
54.4106
58.1666
50.3897
34.3588
76.4174
48.5033
43.7139
43.2452
45.1312
40.8652
48.4968
39.2442
48.782
44.1634
50.2124
53.1768
47.2647
73.1858
44.9746
45.8667
52.6842
50.4953
85.6322
56.311
51.9556
53.6311
35.7932
52.7308
57.8564
40.8431
31.3116
47.0333
36.81
38.3722
44.6171
67.8861
69.7598
39.663
60.7137
53.169
48.9314
44.8008
30.4605
42.7748
42.5902
50.1572
45.0731
67.8465
55.6218
42.824
49.7264
42.0705
49.9004
45.4335
47.1795
45.3058
39.6649
42.373
37.4348
49.3649
40.0543
32.1093
57.5339
42.5858
48.5628
55.9506
43.8444
57.101
45.2596
50.5886
50.1579
71.6885
43.9628
34.2034
46.304
44.8221
57.9977
53.3934
52.8072
47.7132
40.6863
34.2779
57.7329
52.039
50.4686
39.1125
36.6839
37.4668
53.8421
48.4249
32.7243
30.3624
36.4466
48.9126
40.7002
43.4293
39.8001
47.2477
40.2851
51.7059
38.5488
54.8242
40.3331
46.3417
64.847
40.252
52.3777
38.4848
62.7204
37.4158
52.3157
57.2111
45.5706
55.7027
35.1124
43.4292
50.8523
52.3423
58.2678
49.7404
73.1962
47.0316
38.0739
47.909
39.3733
31.2996
46.9542
35.998
58.1493
49.4945
50.1972
57.3212
55.6513
40.5201
47.1183
69.2949
41.2305
50.8908
50.6013
36.7026
53.2482
45.1488
41.1114
45.6366
39.536
37.1123
66.5231
59.858
53.1398
50.2784
50.4696
40.576
39.6277
47.1683
45.8171
39.0193
60.5959
52.5431
44.3857
55.4025
50.741
44.2467
69.0774
34.5822
38.7948
38.748
45.4411
49.3183
29.5961
50.6428
67.6854
32.6309
47.5006
33.9271
45.3406
38.5882
50.2784
38.191
34.7564
47.5683
36.3425
65.8091
47.4026
54.2199
44.7482
37.0164
47.6284
60.3784
48.1338
44.0061
41.0337
51.6531
49.397
48.4589
50.5221
48.2622
41.97
45.02
16.0846
55.9538
57.8419
38.1659
32.3119
47.938
47.8786
45.1449
42.0902
46.5204
40.8438
49.3714
29.3781
56.7692
47.0651
36.1991
37.6885
46.3502
42.7993
36.1967
31.2722
50.0657
53.4663
51.6011
66.4103
59.7211
46.6364
32.3612
43.1658
50.548
50.8962
54.4418
49.3221
52.0356
52.2346
40.8175
64.0665
40.7387
70.4708
40.1321
34.8067
42.2838
73.3843
56.1692
41.7653
29.0685
37.0533
42.5886
45.0977
53.0912
51.4371
41.8246
55.271
51.8948
57.1681
51.0328
40.4186
46.4819
50.3254
41.0603
39.787
47.8225
38.6997
33.6301
52.7931
50.4821
40.9501
44.0618
59.4128
39.6746
40.152
44.5273
57.4706
45.0927
62.2463
54.8228
43.3617
38.0125
44.7704
43.95
47.5795
45.1705
43.228
50.7899
42.1948
55.2269
40.3793
48.2044
56.8296
47.2452
52.5917
54.9971
49.4367
60.5138
47.2191
52.9779
44.3252
38.129
37.7642
56.0528
26.8031
57.332
62.3585
44.9186
44.7015
43.3565
46.767
39.3943
45.5156
58.8555
64.2167
36.6765
50.6661
56.4042
56.0109
44.6708
54.3407
58.0778
46.606
57.8154
50.0433
41.6247
44.6355
41.9061
61.1864
37.4466
62.2245
62.1263
58.4158
38.9971
46.5176
49.535
40.9909
43.3216
41.641
65.771
53.392
57.4448
30.2709
66.904
49.7553
56.5851
46.8489
50.1045
53.2338
53.5142
51.8419
54.1878
39.9788
39.7448
45.3044
42.8818
40.7861
46.8268
53.2246
43.2865
55.9163
46.3202
55.7083
59.1538
54.3184
42.9736
37.2658
59.585
57.0081
35.0679
39.7628
47.9478
45.2536
39.9169
47.3188
27.1755
42.2763
52.5682
40.8302
48.4397
44.865
37.6477
48.4506
45.3157
53.5699
34.9552
37.1478
42.04
59.4666
54.4592
40.818
60.276
40.7281
44.698
45.0174
32.7624
54.529
51.2013
48.4383
44.3482
49.6208
43.799
39.5924
49.5208
51.9405
47.5416
58.8385
46.1847
45.6677
69.0701
62.8014
55.1714
36.0836
49.78
43.0229
35.3833
49.9672
46.2037
49.5631
50.0214
52.3405
49.3082
39.0962
39.968
45.4052
58.3435
46.3128
44.0576
66.6669
63.7435
47.2891
58.578
55.1286
38.804
55.2644
39.3
41.9286
64.8438
36.082
47.6381
48.8832
50.481
40.8108
47.8482
45.1695
61.0637
52.4594
49.8886
43.9269
45.4492
41.3372
54.0736
47.7741
44.9487
62.4113
50.3537
53.4891
45.7653
53.6789
54.373
54.3203
53.4461
60.6769
40.5339
42.3273
60.1331
35.2855
45.8235
51.8635
50.5994
39.5737
41.9343
45.0925
60.3018
40.1232
41.8871
57.8382
43.8849
29.7061
49.8033
48.8374
44.5885
55.8758
46.9212
43.0391
45.1269
46.4515
42.8374
39.4272
59.3713
53.8676
44.0849
38.8746
55.3664
45.8618
49.5209
46.7923
40.641
53.1588
44.8154
41.3938
46.3397
34.3583
52.5995
45.1695
50.8416
52.0067
55.2445
31.0943
53.4885
48.9901
67.3092
67.4007
60.2465
54.5607
54.1605
54.9071
54.3405
51.7638
47.8386
49.8262
45.5905
44.9654
45.3465
